0 0.47109375 0.54296875 0.057421875 0.05751953125
0 0.5765625 0.48125 0.04853515625 0.0484375
0 0.33828125 0.5390625 0.044921875 0.04404296875
0 0.3671875 0.5796875 0.067578125 0.036328125
0 0.290625 0.5703125 0.0478515625 0.0478515625
0 0.22734375 0.575 0.0658203125 0.038671875
0 0.1703125 0.5609375 0.06162109375 0.06181640625
0 0.09609375 0.55859375 0.06953125 0.03896484375
0 0.18984375 0.39921875 0.04140625 0.04130859375
0 0.5140625 0.8046875 0.07958984375 0.07958984375
0 0.5296875 0.84296875 0.069140625 0.0689453125
0 0.2765625 0.37265625 0.05576171875 0.05654296875
0 0.02890625 0.39453125 0.05068359375 0.05068359375
0 0.02734375 0.54921875 0.0453125 0.0453125
0 0.68203125 0.48515625 0.07265625 0.0412109375
0 0.75390625 0.48203125 0.053515625 0.053515625
0 0.8694861203125 0.463357784375 0.8537604875 0.49014135156250005 0.8972120296874999 0.5280690140625001 0.90809069375 0.5203885703125 0.909009521875 0.5183248468749999 0.8694861203125 0.463357784375