0 0.525 0.53671875 0.05419921875 0.05361328125
0 0.5765625 0.48359375 0.07822265625 0.05078125
0 0.6828125 0.4796875 0.04384765625 0.04375
0 0.7515625 0.48515625 0.06181640625 0.03671875
0 0.51328125 0.79609375 0.03056640625 0.1140625
0 0.53359375 0.846875 0.06953125 0.069921875
0 0.49381797968749996 0.9780761671875 0.5068781609374999 0.9898356078124999 0.56875 0.9313145625000001 0.56875 0.9306058 0.5584898921875 0.9213675578125 0.49381797968749996 0.9780761671875
0 0.2765625 0.375 0.0615234375 0.03740234375
0 0.36015625 0.57890625 0.0576171875 0.057421875
0 0.29453125 0.571875 0.05283203125 0.05263671875
0 0.0984375 0.559375 0.068359375 0.0498046875
0 0.02734375 0.55859375 0.0546875 0.0515625
0 0.096875 0.403125 0.0607421875 0.046875
0 0.0296875 0.39765625 0.059375 0.0609375
0 0.2585200265625 0.585485678125 0.2200142515625 0.5425647578125 0.197557903125 0.554532171875 0.2332256 0.596216153125 0.23485342031249998 0.5976818500000001 0.25783026875 0.5862517328125 0.2585200265625 0.585485678125
2 0.44609375 0.45703125 0.05078125 0.05166015625
0 0.67734375 0.5609375 0.05 0.0509765625
0 0.8643280609374999 0.5379083312499999 0.9051551296874999 0.5391650593749999 0.9054366890625 0.538114265625 0.899112553125 0.5194197390624999 0.8969412921875 0.474128759375 0.8957849093749999 0.4738189078125 0.8671481328124999 0.47176243749999996 0.862259428125 0.5373540421875 0.8643280609374999 0.5379083312499999