0 0.547309028125 0.8850308640625 0.5321180562500001 0.9043209875 0.5529513890625 0.9976851859375 0.569878471875 0.98919753125 0.547309028125 0.8850308640625
0 0.753125 0.48203125 0.06328125 0.0234375
0 0.58515625 0.48046875 0.075 0.0265625
0 0.38359375 0.57734375 0.0765625 0.0328125
0 0.27265625 0.3734375 0.06875 0.01875
0 0.29921875 0.5703125 0.0578125 0.0484375
0 0.509375 0.796875 0.01796875 0.1125
0 0.52890625 0.84140625 0.02421875 0.09453125
0 0.88203125 0.50390625 0.0625 0.02890625
0 0.76171875 0.434375 0.0640625 0.02421875
0 0.71171875 0.40390625 0.06328125 0.0265625
0 0.5171875 0.38828125 0.05078125 0.03515625
2 0.5265625 0.43046875 0.075 0.0421875
2 0.59765625 0.45078125 0.05625 0.03125
0 0.22578125 0.56796875 0.07109375 0.04140625
0 0.16328125 0.55859375 0.05390625 0.03671875
0 0.0953125 0.5515625 0.06015625 0.03828125
2 0.065625 0.45 0.06796875 0.0359375
0 0.68515625 0.4828125 0.0625 0.021875