0 0.54296875 0.70859375 0.0203125 0.11484375
0 0.5125 0.79140625 0.0140625 0.0953125
0 0.70390625 0.478125 0.06484375 0.04296875
0 0.775 0.48125 0.06328125 0.0453125
0 0.7452256937499999 0.43518518593750005 0.754340278125 0.432098765625 0.809027778125 0.4513888890625 0.8111979171874999 0.4104938265625 0.7473958328125 0.398919753125 0.7452256937499999 0.43518518593750005
0 0.8719618062500001 0.5154320984375 0.863715278125 0.4822530859375 0.8068576390625 0.47222222187499996 0.8072916671874999 0.49922839531249996 0.8187656984375 0.5046679359375 0.8719618062500001 0.5154320984375
0 0.8298611109375 0.398919753125 0.828125 0.42592592656250006 0.8834089484375 0.4373210078125 0.8984375 0.41743827187500004 0.8298611109375 0.398919753125
0 0.8702256937499999 0.5208333328125 0.9296875 0.5354938265625 0.9348958328125001 0.5046296296875 0.8684895828125001 0.47453703750000004 0.8702256937499999 0.5208333328125
0 0.3765625 0.42578125 0.05546875 0.03046875
0 0.28046875 0.371875 0.06328125 0.040625
0 0.23203125 0.40078125 0.04765625 0.01796875
0 0.15703125 0.45078125 0.05390625 0.03359375
1 0.590625 0.4265625 0.03203125 0.02890625
1 0.5203125 0.42265625 0.0328125 0.01875