0 0.525 0.53671875 0.06171875 0.03671875
0 0.5765625 0.48359375 0.07578125 0.034375
0 0.6828125 0.4796875 0.05703125 0.021875
0 0.7515625 0.48515625 0.06015625 0.0265625
0 0.51328125 0.79609375 0.01796875 0.1140625
0 0.53359375 0.846875 0.01875 0.1140625
0 0.5442708328125 1 0.5338541671875 0.9120370375 0.51953125 0.9120370375 0.5264756937499999 0.9984567890625 0.5442708328125 1
0 0.2765625 0.375 0.0578125 0.02734375
0 0.36015625 0.57890625 0.06796875 0.03125
0 0.29453125 0.571875 0.05859375 0.03046875
0 0.0984375 0.559375 0.0640625 0.04296875
0 0.02578125 0.559375 0.0515625 0.04375
0 0.096875 0.403125 0.05546875 0.0375
0 0.0296875 0.3984375 0.059375 0.03984375
0 0.20399305625 0.5547839515625 0.1953125 0.578703703125 0.25179370625 0.5860868671875 0.26171875 0.5609567890625 0.20399305625 0.5547839515625
2 0.44609375 0.45703125 0.0546875 0.03359375
0 0.67734375 0.5609375 0.065625 0.03203125
0 0.85546875 0.48070987656249997 0.8498263890625 0.5100308640625 0.8932291671874999 0.523919753125 0.910590278125 0.5354938265625 0.9205729171874999 0.49305555625 0.85546875 0.48070987656249997