0 0.47109375 0.54296875 0.06171875 0.04072265625
0 0.5765625 0.48125 0.0416015625 0.04140625
0 0.33828125 0.5390625 0.06328125 0.0357421875
0 0.3671875 0.5796875 0.065234375 0.030078125
0 0.290625 0.5703125 0.0423828125 0.0423828125
0 0.22734375 0.575 0.06572265625 0.0392578125
0 0.1703125 0.5609375 0.0513671875 0.0533203125
0 0.09609375 0.55859375 0.0515625 0.05146484375
0 0.18984375 0.39921875 0.04140625 0.0404296875
0 0.5140625 0.8046875 0.0716796875 0.0716796875
0 0.5296875 0.84296875 0.059765625 0.0603515625
0 0.2765625 0.37265625 0.0595703125 0.0603515625
0 0.02890625 0.39453125 0.0513671875 0.0513671875
0 0.02734375 0.54921875 0.04765625 0.04765625
0 0.68203125 0.48515625 0.0625 0.0623046875
0 0.75390625 0.48203125 0.071875 0.04609375
0 0.8505007953125 0.484295990625 0.8588433375 0.5142134921875 0.9163101921875001 0.5093038375 0.9183422984374999 0.496143096875 0.9174960515624999 0.4940485640625 0.8505007953125 0.484295990625