0 0.54296875 0.70859375 0.0390625 0.11416015625
0 0.5125 0.79140625 0.0625 0.061328125
0 0.70390625 0.478125 0.0615234375 0.0603515625
0 0.775 0.48125 0.06337890625 0.0634765625
0 0.8104457828125 0.43495240468749996 0.813748878125 0.4292312765625 0.7645508984375 0.3875349515625 0.7445388015625001 0.41785664687499996 0.7445387875 0.41785666875 0.7539754578125 0.4197410421875 0.7916911609375 0.4637905296875 0.8104457828125 0.43495240468749996
0 0.8395187703125 0.455224990625 0.839518765625 0.4552249828125 0.817372340625 0.47068646875000003 0.819278953125 0.4832406234375 0.839873884375 0.5328125 0.8405969437499999 0.5328125 0.8629971921875 0.5079712890625 0.8395187703125 0.455224990625
0 0.8551154734375 0.45596954062500006 0.8861295281249999 0.3920650421875 0.8612642203125 0.3903629859375 0.83374644375 0.43929227343750005 0.837353878125 0.44242816874999996 0.8551154734375 0.45596954062500006
0 0.8666841249999999 0.526972990625 0.8912121031250001 0.5361819109375 0.8965269734374999 0.5372150171875 0.9359375 0.481714075 0.9359375 0.47817848124999995 0.8924211109375 0.47140101718749994 0.8666841249999999 0.526972990625
0 0.3765625 0.42578125 0.0455078125 0.0458984375
0 0.28046875 0.371875 0.06943359375 0.0546875
0 0.23203125 0.40078125 0.0357421875 0.0361328125
0 0.15703125 0.45078125 0.05068359375 0.05166015625
1 0.590625 0.4265625 0.0337890625 0.0337890625
1 0.5203125 0.42265625 0.0357421875 0.021875