0 0.47109375 0.54296875 0.059375 0.03671875
0 0.5765625 0.48125 0.06328125 0.01875
0 0.33828125 0.5390625 0.0609375 0.02734375
0 0.3671875 0.5796875 0.0640625 0.0296875
0 0.290625 0.5703125 0.05078125 0.02890625
0 0.22734375 0.575 0.06484375 0.0265625
0 0.1703125 0.5609375 0.06484375 0.03828125
0 0.09609375 0.55859375 0.0671875 0.02890625
0 0.18984375 0.39921875 0.0453125 0.02890625
0 0.5140625 0.8046875 0.01796875 0.12421875
0 0.5296875 0.84296875 0.009375 0.11015625
0 0.2765625 0.37265625 0.07109375 0.03515625
0 0.02890625 0.39453125 0.05703125 0.02890625
0 0.02734375 0.54921875 0.0546875 0.0359375
0 0.68203125 0.48515625 0.0703125 0.03515625
0 0.75390625 0.48203125 0.071875 0.0265625
0 0.8567708328125001 0.47222222187499996 0.8532986109375 0.5030864187499999 0.9084201390625 0.520061728125 0.9162326390625 0.5069444437499999 0.8567708328125001 0.47222222187499996