0 0.525 0.53671875 0.06552734375 0.04306640625
0 0.5765625 0.48359375 0.0658203125 0.06484375
0 0.6828125 0.4796875 0.04697265625 0.046875
0 0.7515625 0.48515625 0.0513671875 0.051171875
0 0.51328125 0.79609375 0.0267578125 0.1140625
0 0.53359375 0.846875 0.07265625 0.073046875
0 0.515155665625 0.9130531281250001 0.5038690531250001 0.921871196875 0.5484280625 0.9953125 0.5486081328125 0.9953125 0.5623346375 0.9845881796875 0.515155665625 0.9130531281250001
0 0.2765625 0.375 0.049609375 0.0498046875
0 0.36015625 0.57890625 0.0560546875 0.055859375
0 0.29453125 0.571875 0.0498046875 0.0486328125
0 0.0984375 0.559375 0.053515625 0.0537109375
0 0.0265625 0.55859375 0.053125 0.0484375
0 0.096875 0.403125 0.06162109375 0.04921875
0 0.0296875 0.39765625 0.059375 0.0609375
0 0.2522404421875 0.5561523921875 0.23405862968750002 0.536958315625 0.20406820625000002 0.58666680625 0.22020238593750002 0.602770603125 0.2225675328125 0.6038734890625 0.25040450000000003 0.5600895828125 0.2522404421875 0.5561523921875
2 0.44609375 0.45703125 0.05234375 0.05322265625
0 0.67734375 0.5609375 0.05625 0.0572265625
0 0.8755107484375 0.52238339375 0.9199044609374999 0.5131537953125 0.9200296 0.511963178125 0.9175809718749999 0.4833572640625 0.8517631046874999 0.48881183281249996 0.8516623671874999 0.48977027656249994 0.8569194671875 0.5311701171875 0.8584590999999999 0.5313319390625 0.8755107484375 0.52238339375