0 0.54296875 0.70859375 0.0328125 0.1150390625
0 0.5125 0.79140625 0.0646484375 0.064453125
0 0.70390625 0.478125 0.06142578125 0.06044921875
0 0.775 0.48125 0.06337890625 0.0634765625
0 0.7907733328125001 0.3913667578125 0.7382145343750001 0.42915916093749995 0.76006310625 0.452939721875 0.7629029640625 0.4556821421875 0.7669055359375 0.44721182343750004 0.81875 0.42128338593750003 0.81875 0.42125061874999997 0.7922253593749999 0.3927689640625 0.7907733328125001 0.3913667578125
0 0.8656037453125001 0.4877255640625 0.8120741140625001 0.4660925296875 0.806883759375 0.49259879375000004 0.8169761125000001 0.5003050531250001 0.8631237921875 0.5203125 0.8666642124999999 0.5203125 0.8667102874999999 0.520095734375 0.8656037453125001 0.4877255640625
0 0.842423059375 0.3864023875 0.8655432640624999 0.453125 0.8661330984375001 0.453125 0.884375 0.43722045468750004 0.884375 0.43681586406250006 0.8692423437500001 0.38278665 0.842423059375 0.3864023875
0 0.8828630859375 0.47719970624999997 0.8617097046875 0.49596631406249997 0.8631996031250001 0.49835065 0.90514759375 0.5390718125 0.9086798796875 0.5370445593750001 0.9421875 0.516106675 0.9421875 0.51392183125 0.884976278125 0.4758792359375 0.8828630859375 0.47719970624999997
0 0.3765625 0.42578125 0.04482421875 0.04423828125
0 0.28046875 0.371875 0.05810546875 0.058203125
0 0.23203125 0.40078125 0.0380859375 0.0384765625
0 0.15703125 0.45078125 0.0583984375 0.0470703125
1 0.590625 0.4265625 0.0345703125 0.0322265625
1 0.5203125 0.42265625 0.026171875 0.02734375