0 0.5997683640625 0.9676397234375 0.5998126828125 0.967540184375 0.5139210796875 0.90461918125 0.5005965156250001 0.9155523015625 0.49990928749999997 0.91709584375 0.56585861875 0.9660365296875 0.5804533203125 0.9725345093750001 0.5997683640625 0.9676397234375
0 0.753125 0.48203125 0.0505859375 0.049609375
0 0.58515625 0.48046875 0.060546875 0.060546875
0 0.38359375 0.57734375 0.06015625 0.06015625
0 0.27265625 0.3734375 0.05234375 0.05234375
0 0.29921875 0.5703125 0.060546875 0.06171875
0 0.509375 0.796875 0.0357421875 0.11171875
0 0.52890625 0.84140625 0.0712890625 0.0708984375
0 0.88203125 0.50390625 0.049609375 0.04951171875
0 0.76171875 0.434375 0.051171875 0.0501953125
0 0.71171875 0.40390625 0.0537109375 0.05390625
0 0.5171875 0.38828125 0.0513671875 0.0509765625
2 0.5265625 0.43046875 0.070703125 0.070703125
2 0.59765625 0.45078125 0.04453125 0.04453125
0 0.22578125 0.56796875 0.0666015625 0.0662109375
0 0.16328125 0.55859375 0.05380859375 0.05400390625
0 0.0953125 0.5515625 0.05869140625 0.05869140625
2 0.065625 0.45 0.0537109375 0.053515625
0 0.68515625 0.4828125 0.04765625 0.046875