0 0.58115245625 0.909615453125 0.5757341484375 0.890990309375 0.5157866046875 0.9791173000000001 0.5267301062499999 0.9915435109375 0.528921340625 0.992428828125 0.57427943125 0.9266267859375 0.58115245625 0.909615453125
0 0.753125 0.48203125 0.06259765625 0.03984375
0 0.58515625 0.48046875 0.061328125 0.061328125
0 0.38359375 0.57734375 0.06328125 0.06328125
0 0.27265625 0.3734375 0.05234375 0.05234375
0 0.29921875 0.5703125 0.062109375 0.0623046875
0 0.509375 0.796875 0.02724609375 0.1125
0 0.52890625 0.84140625 0.07041015625 0.06943359375
0 0.88203125 0.50390625 0.051953125 0.0517578125
0 0.76171875 0.434375 0.06484375 0.02880859375
0 0.71171875 0.40390625 0.05380859375 0.05390625
0 0.5171875 0.38828125 0.05126953125 0.05107421875
2 0.5265625 0.43046875 0.063671875 0.062890625
2 0.59765625 0.45078125 0.06015625 0.04140625
0 0.22578125 0.56796875 0.0673828125 0.0669921875
0 0.16328125 0.55859375 0.05537109375 0.03681640625
0 0.0953125 0.5515625 0.0611328125 0.0400390625
2 0.065625 0.45 0.07255859375 0.0474609375
0 0.68515625 0.4828125 0.046875 0.04609375