2 0.4953125 0.1828125 0.059375 0.0591796875
2 0.5395460937500001 0.5223474734375 0.5493337671875 0.5076058140625 0.548099525 0.5060816531250001 0.4659992875 0.4675258734375 0.42300535000000006 0.4606411375 0.42139706875 0.48279376875 0.464135175 0.48591419374999995 0.5356684578124999 0.5254875203125 0.5395460937500001 0.5223474734375
2 0.19609375 0.40703125 0.06171875 0.0619140625
2 0.25234375 0.4828125 0.06591796875 0.06533203125
2 0.265625 0.5125 0.06240234375 0.0326171875
2 0.5296875 0.74375 0.0814453125 0.0814453125
2 0.63984375 0.50625 0.06611328125 0.06689453125
0 0.8390625 0.525 0.06962890625 0.0697265625
0 0.30546875 0.53671875 0.0640625 0.03115234375
1 0.43671875 0.4921875 0.0333984375 0.0322265625
1 0.47578125 0.540625 0.0318359375 0.0310546875
1 0.503125 0.6171875 0.034765625 0.035546875
1 0.42734375 0.5875 0.03896484375 0.03994140625
1 0.4515625 0.6671875 0.03046875 0.02958984375
1 0.35703125 0.5609375 0.033984375 0.03408203125
1 0.36875 0.4609375 0.0337890625 0.033203125
1 0.4359375 0.39140625 0.03447265625 0.03974609375
1 0.51875 0.36953125 0.035546875 0.0359375
0 0.48203125 0.065625 0.07470703125 0.074609375
1 0.525 0.6203125 0.0400390625 0.0380859375
1 0.54296875 0.44140625 0.03984375 0.03984375
1 0.58125 0.47578125 0.0384765625 0.0451171875
2 0.671875 0.4703125 0.0359375 0.03583984375
1 0.509375 0.25625 0.0279296875 0.05390625