2 0.4596354171875 0.2523148140625 0.45616319375 0.3209876546875 0.44878472187499996 0.3811728390625 0.4505208328125 0.3996913578125 0.46440972187499996 0.4143518515625 0.4787326390625 0.30478395156250004 0.4782986109375 0.25077160468750004 0.4596354171875 0.2523148140625
2 0.196875 0.4140625 0.08125 0.03359375
2 0.06953125 0.40703125 0.0265625 0.0484375
2 0.72265625 0.4421875 0.0265625 0.0359375
2 0.5109375 0.7515625 0.0234375 0.065625
2 0.5296875 0.809375 0.015625 0.05859375
2 0.7921875 0.51953125 0.090625 0.03046875
1 0.5859375 0.43359375 0.02421875 0.04375
1 0.51640625 0.5078125 0.0265625 0.040625
1 0.45 0.52734375 0.028125 0.03828125
1 0.4546875 0.64296875 0.03359375 0.0359375
1 0.36796875 0.565625 0.0296875 0.03203125
1 0.24375 0.5625 0.0328125 0.04765625
1 0.5078125 0.21796875 0.01328125 0.05546875
1 0.49296875 0.20859375 0.01015625 0.05234375
1 0.47890625 0.22578125 0.009375 0.03515625
1 0.4953125 0.2890625 0.01171875 0.04765625
1 0.56171875 0.7734375 0.015625 0.05625
1 0.54453125 0.78515625 0.0078125 0.03984375
1 0.4703125 0.8796875 0.01484375 0.046875
1 0.5640625 0.9078125 0.01875 0.053125
2 0.54609375 0.91015625 0.01484375 0.0609375
1 0.81640625 0.4890625 0.03515625 0.02734375
0 0.678125 0.44375 0.0421875 0.0359375
1 0.25703125 0.4328125 0.02265625 0.03125
1 0.5140625 0.15 0.01875 0.05546875