2 0.5030381937499999 0.663580246875 0.5203993062500001 0.6520061734375 0.49696180625 0.54783950625 0.4830729171875 0.5679012343750001 0.5030381937499999 0.663580246875
2 0.1984375 0.40078125 0.090625 0.03203125
2 0.13515625 0.43046875 0.0984375 0.03671875
2 0.25625 0.48515625 0.0796875 0.01953125
2 0.26875 0.5109375 0.05546875 0.025
2 0.3625 0.43671875 0.09296875 0.03359375
2 0.4984375 0.1734375 0.01953125 0.09453125
2 0.9640625 0.49765625 0.06640625 0.02890625
2 0.8359375 0.5265625 0.11484375 0.025
0 0.48125 0.07265625 0.01484375 0.1046875
1 0.55 0.45390625 0.02890625 0.03671875
1 0.52421875 0.39140625 0.0171875 0.0515625
1 0.5140625 0.325 0.03125 0.0453125
1 0.46484375 0.34765625 0.0046875 0.040625
1 0.43671875 0.3875 0.03046875 0.04609375
1 0.4421875 0.4453125 0.034375 0.034375
1 0.40703125 0.475 0.04453125 0.02421875
1 0.42109375 0.6015625 0.02421875 0.04296875
1 0.55859375 0.78515625 0.01328125 0.04375
1 0.54375 0.7796875 0.01640625 0.040625
1 0.58828125 0.48984375 0.0328125 0.034375
2 0.66796875 0.4640625 0.02578125 0.03671875