2 0.53125 0.09375 0.085546875 0.084765625
2 0.52578125 0.28203125 0.06337890625 0.06337890625
2 0.45703125 0.08984375 0.10546875 0.10458984375
2 0.1921875 0.415625 0.0701171875 0.07041015625
0 0.67890625 0.440625 0.0583984375 0.042578125
2 0.725 0.4375 0.0326171875 0.0328125
0 0.9421875 0.5171875 0.061328125 0.0609375
2 0.471875 0.915625 0.1126953125 0.1125
2 0.76484375 0.51640625 0.06806640625 0.06630859375
1 0.29375 0.43046875 0.0361328125 0.037109375
1 0.28125 0.47734375 0.04853515625 0.0484375
1 0.496875 0.5171875 0.03203125 0.03193359375
1 0.51328125 0.42421875 0.039453125 0.0396484375
1 0.48046875 0.409375 0.0357421875 0.0447265625
1 0.40625 0.5625 0.0404296875 0.0404296875
1 0.4359375 0.6171875 0.0328125 0.0591796875
1 0.5828125 0.43046875 0.03046875 0.0310546875
1 0.4578125 0.771875 0.0447265625 0.0427734375
1 0.29140625 0.55625 0.03583984375 0.03671875
1 0.20546875 0.55703125 0.034765625 0.034765625
1 0.15625 0.51171875 0.03359375 0.0345703125
1 0.15234375 0.55859375 0.0279296875 0.0291015625
1 0.096875 0.43671875 0.0396484375 0.03955078125
1 0.09765625 0.49765625 0.03505859375 0.03505859375
2 0.065625 0.40703125 0.04501953125 0.04580078125
2 0.50859375 0.753125 0.04921875 0.04833984375
2 0.5265625 0.80859375 0.01259765625 0.0578125
0 0.58828125 0.79921875 0.0330078125 0.1271484375
1 0.48828125 0.28515625 0.034375 0.07119140625