2 0.41319444375 0.48919753125 0.4162326390625 0.45370370312499997 0.36241319375000003 0.441358025 0.35850694375000003 0.4606481484375 0.41319444375 0.48919753125
2 0.665625 0.4671875 0.034375 0.0296875
2 0.4875 0.89140625 0.03125 0.0578125
2 0.19296875 0.40703125 0.07890625 0.03125
2 0.1890625 0.43671875 0.08828125 0.0359375
2 0.25703125 0.48515625 0.07890625 0.02578125
2 0.2609375 0.51328125 0.05234375 0.02578125
2 0.4953125 0.184375 0.01875 0.10859375
2 0.8421875 0.5265625 0.096875 0.03984375
0 0.48125 0.07265625 0.01484375 0.12109375
1 0.4671875 0.228125 0.015625 0.07421875
1 0.4671875 0.2875 0.02265625 0.04140625
1 0.45859375 0.34765625 0.02578125 0.03828125
1 0.43515625 0.39453125 0.03671875 0.0359375
1 0.375 0.51640625 0.0375 0.0234375
1 0.4453125 0.61484375 0.0328125 0.034375
1 0.5796875 0.49609375 0.02265625 0.03046875
0 0.309375 0.54140625 0.065625 0.03125
2 0.525 0.76640625 0.021875 0.07578125
1 0.559375 0.78203125 0.0140625 0.0453125
1 0.54609375 0.77265625 0.01328125 0.05703125
1 0.5140625 0.20703125 0.02265625 0.05625
1 0.51640625 0.1390625 0.01640625 0.05625
1 0.678125 0.490625 0.0296875 0.0328125
1 0.62109375 0.4921875 0.02578125 0.03046875
1 0.34375 0.4828125 0.0375 0.03984375
0 0.5953125 0.8078125 0.01640625 0.1