2 0.5274885078125 0.3579301390625 0.5436384703125 0.347660553125 0.5437962046875 0.34684908124999997 0.440272584375 0.31231584843750004 0.43026733906250003 0.31037102656250004 0.3866050796875 0.3022474890625 0.38455883125 0.32086224531249996 0.4513074265625 0.3373740703125 0.50754659375 0.35563574375 0.510932746875 0.35629394531249997 0.5274885078125 0.3579301390625
2 0.196875 0.4140625 0.084375 0.0451171875
2 0.06953125 0.40703125 0.04453125 0.04453125
2 0.72265625 0.4421875 0.034375 0.0384765625
2 0.5109375 0.7515625 0.0525390625 0.05234375
2 0.5296875 0.809375 0.02421875 0.06005859375
2 0.7921875 0.51953125 0.069921875 0.0708984375
1 0.5859375 0.43359375 0.03583984375 0.0359375
1 0.51640625 0.5078125 0.034765625 0.035546875
1 0.45 0.52734375 0.040234375 0.04013671875
1 0.4546875 0.64296875 0.03466796875 0.035546875
1 0.36796875 0.565625 0.034375 0.03525390625
1 0.24375 0.5625 0.0416015625 0.04150390625
1 0.5078125 0.21796875 0.03798828125 0.03798828125
1 0.49296875 0.20859375 0.0193359375 0.0517578125
1 0.47890625 0.22578125 0.0203125 0.0333984375
1 0.4953125 0.2890625 0.0294921875 0.0314453125
1 0.56171875 0.7734375 0.04140625 0.04140625
1 0.54453125 0.78515625 0.01171875 0.03916015625
1 0.4703125 0.8796875 0.03740234375 0.0375
1 0.5640625 0.9078125 0.02109375 0.05390625
2 0.54609375 0.91015625 0.04306640625 0.0421875
1 0.81640625 0.4890625 0.0353515625 0.0345703125
0 0.678125 0.44375 0.048046875 0.048046875
1 0.25703125 0.4328125 0.0275390625 0.028515625
1 0.5140625 0.15 0.04140625 0.0412109375