2 0.56171875 0.12890625 0.0341796875 0.15625
2 0.33203125 0.50078125 0.053125 0.04150390625
2 0.1984375 0.3890625 0.087890625 0.05390625
2 0.4890625 0.65546875 0.061328125 0.0625
2 0.5171875 0.809375 0.0390625 0.03994140625
2 0.50703125 0.7484375 0.01328125 0.05927734375
2 0.74140625 0.48984375 0.0380859375 0.03828125
2 0.6890625 0.48515625 0.05234375 0.05234375
0 0.8296875 0.55546875 0.0771484375 0.0779296875
0 0.47890625 0.33515625 0.0328125 0.13603515625
0 0.5796875 0.8046875 0.0771484375 0.0771484375
1 0.46484375 0.77421875 0.03037109375 0.11630859375
1 0.4734375 0.47265625 0.04140625 0.04140625
1 0.4921875 0.428125 0.03828125 0.0375
1 0.53125 0.53046875 0.0509765625 0.051171875
2 0.546875 0.48984375 0.044921875 0.04482421875
1 0.5171875 0.20625 0.03037109375 0.0462890625
1 0.5015625 0.25390625 0.03095703125 0.03076171875