2 0.5546875 0.15234375 0.06337890625 0.153125
2 0.50703125 0.146875 0.07060546875 0.0697265625
2 0.47109375 0.43828125 0.05146484375 0.08125
2 0.452690540625 0.5801867546875 0.4269606375 0.57199706875 0.42775636562499997 0.568094334375 0.387363421875 0.6030466703124999 0.4052076203125 0.6125 0.41300289843750004 0.6125 0.45277569062499995 0.5814044546875 0.452690540625 0.5801867546875
2 0.5375 0.57734375 0.06220703125 0.06279296875
1 0.44765625 0.35703125 0.046875 0.046875
2 0.1328125 0.478125 0.06728515625 0.06708984375
2 0.20625 0.40625 0.07958984375 0.07958984375
2 0.83125 0.53671875 0.082421875 0.082421875
2 0.525 0.86875 0.12177734375 0.12197265625
2 0.45078125 0.740625 0.0302734375 0.067578125
1 0.4703125 0.63203125 0.0203125 0.05
1 0.46796875 0.7421875 0.0400390625 0.040234375
2 0.47890625 0.2375 0.0412109375 0.040234375
0 0.55703125 0.553125 0.028515625 0.028125
0 0.54609375 0.32578125 0.06162109375 0.11015625
1 0.3875 0.5546875 0.03447265625 0.03837890625
1 0.29765625 0.5546875 0.03515625 0.0359375
1 0.34609375 0.56328125 0.03271484375 0.03447265625
1 0.33125 0.5125 0.03515625 0.0353515625
1 0.55546875 0.76953125 0.0328125 0.03193359375
1 0.52421875 0.70859375 0.04765625 0.04765625
1 0.490625 0.85859375 0.03828125 0.03828125
1 0.4625 0.85703125 0.0298828125 0.0546875