2 0.5458734984375 0.39187116718750004 0.486047853125 0.36891905468749997 0.459605703125 0.3904642328125 0.5340154140625 0.4193026140625 0.5873973984374999 0.41901624687499994 0.59375 0.4183485625 0.59375 0.40784745312500004 0.59218605625 0.3929675203125 0.5458734984375 0.39187116718750004
2 0.45305856093749997 0.49862286562499997 0.41362747187500004 0.46868462656250004 0.395144821875 0.4984001296875 0.430203875 0.5267390578125 0.430293709375 0.5266871906249999 0.45424657343749997 0.5006805625 0.45305856093749997 0.49862286562499997
2 0.42703237656250004 0.7387837296875001 0.43374471875 0.718444725 0.49884546093750004 0.6448954265625 0.49944950468749993 0.6435387203125 0.48290272031250003 0.618705025 0.42658459843749996 0.6842663140624999 0.42181693593749997 0.6949746593749999 0.4084525375 0.728299590625 0.42459028906249996 0.73769644375 0.42703237656250004 0.7387837296875001
2 0.55390625 0.14609375 0.06396484375 0.0640625
2 0.18828125 0.39921875 0.06953125 0.06953125
2 0.73125 0.4546875 0.03984375 0.041796875
2 0.5046875 0.75234375 0.0494140625 0.0494140625
2 0.51796875 0.8125 0.04248046875 0.0423828125
2 0.75234375 0.53515625 0.0662109375 0.066015625
2 0.0640625 0.3921875 0.034765625 0.03359375
0 0.9421875 0.53828125 0.0578125 0.0568359375
2 0.525 0.13828125 0.0626953125 0.0626953125
1 0.5796875 0.43984375 0.03740234375 0.03125
1 0.5515625 0.51640625 0.0412109375 0.040234375
1 0.3078125 0.459375 0.0396484375 0.0396484375
1 0.184375 0.51640625 0.031640625 0.030859375
1 0.275 0.55 0.04072265625 0.04072265625
1 0.353125 0.5140625 0.0296875 0.0298828125
0 0.6734375 0.45703125 0.03681640625 0.03671875
1 0.5078125 0.2109375 0.0484375 0.048046875
1 0.49296875 0.29375 0.049609375 0.050390625
1 0.3296875 0.41875 0.0314453125 0.03134765625
1 0.353125 0.5546875 0.040625 0.040625
1 0.415625 0.59453125 0.0359375 0.0359375
1 0.5484375 0.784375 0.034765625 0.03515625
1 0.534375 0.790625 0.0306640625 0.03046875
1 0.54921875 0.84375 0.0458984375 0.0453125
1 0.503125 0.8390625 0.014453125 0.0533203125
1 0.5484375 0.91171875 0.0453125 0.0453125