2 0.56171875 0.12890625 0.01953125 0.15625
2 0.33203125 0.50078125 0.05 0.03046875
2 0.1984375 0.3890625 0.0828125 0.0375
2 0.4890625 0.65546875 0.0140625 0.1
2 0.5171875 0.809375 0.015625 0.05703125
2 0.50703125 0.7484375 0.0125 0.05859375
2 0.74140625 0.48984375 0.03515625 0.0296875
2 0.6890625 0.48515625 0.053125 0.034375
0 0.8296875 0.55546875 0.09765625 0.03671875
0 0.47890625 0.33515625 0.0203125 0.13671875
0 0.5796875 0.8046875 0.02734375 0.10859375
1 0.46484375 0.77421875 0.01328125 0.11640625
1 0.4734375 0.47265625 0.025 0.046875
1 0.4921875 0.428125 0.021875 0.04375
1 0.53125 0.53046875 0.01484375 0.0703125
2 0.546875 0.48984375 0.01875 0.05703125
1 0.5171875 0.20625 0.02421875 0.0453125
1 0.5015625 0.25390625 0.01640625 0.03515625