0 0.48046875 0.3328125 0.01640625 0.11015625
2 0.55 0.51953125 0.02421875 0.14765625
2 0.5046875 0.7578125 0.01953125 0.046875
2 0.521875 0.81328125 0.01875 0.05859375
2 0.33125 0.5015625 0.03984375 0.028125
2 0.19921875 0.3921875 0.09140625 0.04609375
2 0.828125 0.55703125 0.10078125 0.0390625
0 0.8296875 0.49921875 0.0453125 0.040625
1 0.4890625 0.46796875 0.0140625 0.0515625
1 0.4703125 0.5171875 0.0171875 0.059375
1 0.5296875 0.2421875 0.01328125 0.05234375
1 0.5515625 0.1875 0.0171875 0.04453125
1 0.51640625 0.2078125 0.015625 0.0453125
2 0.5 0.22421875 0.01171875 0.09375
1 0.48359375 0.7 0.01875 0.04140625
1 0.46171875 0.78125 0.0171875 0.05078125
1 0.55 0.70703125 0.02421875 0.05859375
1 0.334375 0.47421875 0.028125 0.02890625
1 0.33125 0.525 0.0328125 0.021875