2 0.5527312421875 0.4549766734375 0.5623577921875 0.43135606875 0.5602314609375 0.42041704218750003 0.5251176046875 0.375456075 0.5101718765625 0.330412371875 0.48475589843750005 0.3361387859375 0.50235175 0.394816196875 0.550073271875 0.4554933296875 0.5527312421875 0.4549766734375
2 0.44265007343749996 0.5198752062499999 0.43765357656250004 0.470619303125 0.40331589531249995 0.47736787343750003 0.4065003328125 0.52233554375 0.4065995328125 0.522365871875 0.441955390625 0.522147409375 0.44265007343749996 0.5198752062499999
2 0.47854714062500003 0.7417252421875 0.4969496953125 0.73421086875 0.49001710625 0.7060974734375 0.484632196875 0.6873180624999999 0.43847667343749996 0.6153214078125 0.41842983125 0.6378407359375 0.41856628125000006 0.6383165953125001 0.4732751890625 0.7209319203125 0.47711488125 0.7421359359374999 0.47854714062500003 0.7417252421875
2 0.55390625 0.14609375 0.0232421875 0.0890625
2 0.18828125 0.39921875 0.06875 0.06875
2 0.73125 0.4546875 0.0484375 0.0416015625
2 0.5046875 0.75234375 0.02021484375 0.06787109375
2 0.51796875 0.8125 0.0287109375 0.056640625
2 0.75234375 0.53515625 0.0845703125 0.0375
2 0.0640625 0.3921875 0.033984375 0.03203125
0 0.9421875 0.53828125 0.068359375 0.0509765625
2 0.525 0.13828125 0.05810546875 0.05732421875
1 0.5796875 0.43984375 0.0318359375 0.0328125
1 0.5515625 0.51640625 0.04375 0.043359375
1 0.3078125 0.459375 0.03349609375 0.04912109375
1 0.184375 0.51640625 0.03828125 0.03359375
1 0.275 0.55 0.0337890625 0.0337890625
1 0.353125 0.5140625 0.02890625 0.0291015625
0 0.6734375 0.45703125 0.0353515625 0.03515625
1 0.5078125 0.2109375 0.0453125 0.044921875
1 0.49296875 0.29375 0.0390625 0.059375
1 0.3296875 0.41875 0.033203125 0.0330078125
1 0.353125 0.5546875 0.0421875 0.03828125
1 0.415625 0.59453125 0.03828125 0.03515625
1 0.5484375 0.784375 0.0302734375 0.03203125
1 0.534375 0.790625 0.0345703125 0.034375
1 0.54921875 0.84375 0.03369140625 0.0607421875
1 0.503125 0.8390625 0.035546875 0.0369140625
1 0.5484375 0.91171875 0.04453125 0.0453125