2 0.54932483125 0.6351321640625 0.4791711109375 0.570199265625 0.45482154843749995 0.5717718125 0.5316255078125 0.645116978125 0.5321748328125 0.6454470453125001 0.5474744578124999 0.6382117015625 0.54932483125 0.6351321640625
2 0.1984375 0.40078125 0.069921875 0.06904296875
2 0.13515625 0.43046875 0.0765625 0.07666015625
2 0.25625 0.48515625 0.059375 0.0595703125
2 0.26875 0.5109375 0.04755859375 0.04765625
2 0.3625 0.43671875 0.07529296875 0.07548828125
2 0.4984375 0.1734375 0.02275390625 0.09384765625
2 0.9640625 0.49765625 0.05595703125 0.05576171875
2 0.8359375 0.5265625 0.07177734375 0.07265625
0 0.48125 0.07265625 0.0603515625 0.061328125
1 0.55 0.45390625 0.03447265625 0.03994140625
1 0.52421875 0.39140625 0.040625 0.040625
1 0.5140625 0.325 0.04453125 0.0447265625
1 0.46484375 0.34765625 0.01171875 0.03984375
1 0.43671875 0.3875 0.0451171875 0.0447265625
1 0.4421875 0.4453125 0.0390625 0.0390625
1 0.40703125 0.475 0.0482421875 0.0333984375
1 0.42109375 0.6015625 0.03642578125 0.03701171875
1 0.55859375 0.78515625 0.0345703125 0.034765625
1 0.54375 0.7796875 0.02275390625 0.04140625
1 0.58828125 0.48984375 0.034765625 0.034765625
2 0.66796875 0.4640625 0.0279296875 0.0380859375