2 0.4953125 0.1828125 0.065625 0.06552734375
2 0.5212473453124999 0.43871841875 0.5199333453125 0.436442503125 0.500216828125 0.43183531718749996 0.4904491078125 0.4735591046875 0.4392511609375 0.5392026453125001 0.45633293437500005 0.5549002578125 0.5083194265625 0.478276834375 0.5212473453124999 0.43871841875
2 0.19609375 0.40703125 0.06015625 0.0603515625
2 0.25234375 0.4828125 0.05966796875 0.05908203125
2 0.265625 0.5125 0.04912109375 0.0490234375
2 0.5296875 0.74375 0.08134765625 0.08134765625
2 0.63984375 0.50625 0.06142578125 0.06220703125
0 0.8390625 0.525 0.06494140625 0.0650390625
0 0.30546875 0.53671875 0.052734375 0.0525390625
1 0.43671875 0.4921875 0.0380859375 0.0376953125
1 0.47578125 0.540625 0.03173828125 0.03095703125
1 0.503125 0.6171875 0.034765625 0.035546875
1 0.42734375 0.5875 0.03935546875 0.03955078125
1 0.4515625 0.6671875 0.02734375 0.0255859375
1 0.35703125 0.5609375 0.031640625 0.03095703125
1 0.36875 0.4609375 0.0291015625 0.028515625
1 0.4359375 0.39140625 0.0357421875 0.0361328125
1 0.51875 0.36953125 0.0380859375 0.03828125
0 0.48203125 0.065625 0.0478515625 0.10390625
1 0.525 0.6203125 0.0400390625 0.0380859375
1 0.54296875 0.44140625 0.0375 0.0375
1 0.58125 0.47578125 0.0419921875 0.0416015625
2 0.671875 0.4703125 0.034375 0.03427734375
1 0.509375 0.25625 0.020703125 0.05390625