2 0.5147569437499999 0.4621913578125 0.551215278125 0.391203703125 0.5572916671875 0.3302469140625 0.53125 0.3294753078125 0.5251736109375 0.3765432109375 0.49609375 0.433641975 0.5147569437499999 0.4621913578125
2 0.43663194375 0.47222222187499996 0.39453125 0.48842592656250006 0.40538194375 0.5231481484375 0.453125 0.5030864187499999 0.43663194375 0.47222222187499996
2 0.4817708328125 0.696759259375 0.45659722187499996 0.612654321875 0.4309895828125 0.628858025 0.4609375 0.7237654328125 0.4587673609375 0.7453703703125 0.48003472187499996 0.7430555562500001 0.4817708328125 0.696759259375
2 0.55390625 0.14609375 0.02265625 0.0890625
2 0.18828125 0.39921875 0.0796875 0.0390625
2 0.73125 0.4546875 0.04375 0.0359375
2 0.5046875 0.75234375 0.01484375 0.06640625
2 0.51796875 0.8125 0.01640625 0.0546875
2 0.75234375 0.53515625 0.08359375 0.03125
2 0.0640625 0.3921875 0.0296875 0.03125
0 0.9421875 0.53828125 0.0671875 0.03359375
2 0.525 0.13828125 0.01484375 0.08828125
1 0.5796875 0.43984375 0.03359375 0.025
1 0.5515625 0.51640625 0.0421875 0.0390625
1 0.3078125 0.459375 0.02421875 0.04609375
1 0.184375 0.51640625 0.034375 0.0265625
1 0.275 0.55 0.03828125 0.02890625
1 0.353125 0.5140625 0.021875 0.02890625
0 0.6734375 0.45703125 0.04140625 0.028125
1 0.5078125 0.2109375 0.015625 0.0640625
1 0.49296875 0.29375 0.0296875 0.05625
1 0.3296875 0.41875 0.0296875 0.03203125
1 0.353125 0.5546875 0.0375 0.03125
1 0.415625 0.59453125 0.034375 0.03125
1 0.5484375 0.784375 0.0140625 0.04375
1 0.534375 0.790625 0.0140625 0.046875
1 0.54921875 0.84375 0.01796875 0.0609375
1 0.503125 0.8390625 0.0109375 0.05390625
1 0.5484375 0.91171875 0.021875 0.0625