2 0.523871528125 0.558641975 0.5182291671875 0.51080246875 0.4787326390625 0.43441358125 0.46961805625 0.46913580312500003 0.4830729171875 0.49922839531249996 0.5134548609375 0.5740740734374999 0.523871528125 0.558641975
2 0.3328125 0.43046875 0.09296875 0.03671875
2 0.19375 0.40625 0.08984375 0.03515625
2 0.26484375 0.50859375 0.04609375 0.02578125
2 0.25234375 0.48125 0.0796875 0.03125
2 0.49609375 0.17578125 0.01484375 0.09296875
0 0.48203125 0.0765625 0.0171875 0.128125
2 0.51875 0.9 0.01875 0.1078125
2 0.6671875 0.4703125 0.02578125 0.01875
2 0.79765625 0.49765625 0.07890625 0.03203125
2 0.8421875 0.534375 0.0890625 0.04453125
0 0.3078125 0.53671875 0.07109375 0.028125
1 0.43515625 0.3890625 0.02890625 0.03359375
1 0.5625 0.45703125 0.03984375 0.05078125
1 0.53515625 0.4109375 0.028125 0.065625
1 0.61171875 0.49765625 0.0265625 0.04296875
1 0.509375 0.6375 0.0203125 0.04375
1 0.5328125 0.63984375 0.01640625 0.053125
1 0.5125 0.32421875 0.01484375 0.04921875
1 0.50703125 0.2515625 0.025 0.046875
1 0.5140625 0.1515625 0.02109375 0.04609375
1 0.43125 0.49296875 0.040625 0.04453125
1 0.453125 0.68515625 0.021875 0.06171875
1 0.4265625 0.45078125 0.03203125 0.03125