2 0.5380530593749999 0.446251803125 0.5378700000000001 0.44599036718749996 0.5137150328125 0.44875278124999995 0.4981706390625 0.49731335000000004 0.49899032343750005 0.49848398125 0.5181473953125 0.49659135 0.5254453031249999 0.49148129999999995 0.5380530593749999 0.446251803125
2 0.5052340578125001 0.47898601875 0.5050985906250001 0.4782891046875 0.4525279828125 0.4474607671875 0.4337131921875 0.47135102343749996 0.433757965625 0.4715813671875 0.47091562187499997 0.498880375 0.471905153125 0.49868802968750003 0.5052340578125001 0.47898601875
2 0.44822645312500004 0.5765625 0.45070077499999994 0.5765625 0.4532452078125 0.5664984234375 0.4546875 0.55277593125 0.4546875 0.5436922578125001 0.380539315625 0.5265625 0.3786706328125 0.5265625 0.3786558765625 0.5594910390625001 0.44822645312500004 0.5765625
2 0.40703125 0.6140625 0.069921875 0.0693359375
2 0.1890625 0.440625 0.0685546875 0.0697265625
2 0.22421875 0.54296875 0.04609375 0.0462890625
2 0.06171875 0.434375 0.03525390625 0.02900390625
2 0.68046875 0.565625 0.068359375 0.0677734375
2 0.50234375 0.79765625 0.053515625 0.053515625
2 0.515625 0.8515625 0.0443359375 0.044140625
0 0.45859375 0.93359375 0.0859375 0.0859375
0 0.51328125 0.3296875 0.06298828125 0.0619140625
0 0.9390625 0.57734375 0.0662109375 0.06533203125
2 0.6734375 0.48984375 0.05888671875 0.05888671875
2 0.54765625 0.2234375 0.053515625 0.053125
1 0.52578125 0.17421875 0.06943359375 0.06943359375
1 0.44921875 0.39296875 0.044921875 0.044921875
1 0.33515625 0.46875 0.0306640625 0.030859375
1 0.2984375 0.51328125 0.0353515625 0.03623046875
1 0.31875 0.5953125 0.04453125 0.04443359375
1 0.55078125 0.81875 0.0458984375 0.0458984375
1 0.5484375 0.8828125 0.0404296875 0.040625
1 0.5171875 0.9359375 0.0400390625 0.03994140625
1 0.225 0.59296875 0.034765625 0.033984375
1 0.25859375 0.51796875 0.033203125 0.033203125
1 0.4078125 0.446875 0.03828125 0.037109375
1 0.58359375 0.478125 0.0435546875 0.0439453125
2 0.7171875 0.49453125 0.04443359375 0.04453125