2 0.53125 0.09375 0.0931640625 0.0927734375
2 0.52578125 0.28203125 0.0580078125 0.0580078125
2 0.45703125 0.08984375 0.0203125 0.1794921875
2 0.1921875 0.415625 0.070703125 0.0712890625
0 0.67890625 0.440625 0.05107421875 0.0509765625
2 0.725 0.4375 0.03740234375 0.0375
0 0.9421875 0.5171875 0.062890625 0.0625
2 0.471875 0.915625 0.10166015625 0.1015625
2 0.76484375 0.51640625 0.0869140625 0.0630859375
1 0.29375 0.43046875 0.04130859375 0.0421875
1 0.28125 0.47734375 0.0509765625 0.05078125
1 0.496875 0.5171875 0.040625 0.03271484375
1 0.51328125 0.42421875 0.039453125 0.0396484375
1 0.48046875 0.409375 0.0416015625 0.0419921875
1 0.40625 0.5625 0.046484375 0.046484375
1 0.4359375 0.6171875 0.04375 0.042578125
1 0.5828125 0.43046875 0.034375 0.0341796875
1 0.4578125 0.771875 0.024609375 0.062890625
1 0.29140625 0.55625 0.03935546875 0.039453125
1 0.20546875 0.55703125 0.033203125 0.033203125
1 0.15625 0.51171875 0.0345703125 0.03466796875
1 0.15234375 0.55859375 0.02958984375 0.02978515625
1 0.096875 0.43671875 0.0470703125 0.03759765625
1 0.09765625 0.49765625 0.03427734375 0.03427734375
2 0.065625 0.40703125 0.03876953125 0.03955078125
2 0.50859375 0.753125 0.0484375 0.04755859375
2 0.5265625 0.80859375 0.0365234375 0.037109375
0 0.58828125 0.79921875 0.08994140625 0.08974609375
1 0.48828125 0.28515625 0.054296875 0.0544921875