2 0.5407986109375 0.4621913578125 0.5290798609375 0.44058641875 0.49609375 0.48070987656249997 0.5091145828125 0.503858025 0.5407986109375 0.4621913578125
2 0.49652777812500004 0.45987654375 0.4765625 0.43672839531249996 0.44227430625 0.46836419687499997 0.4557291671875 0.5061728390625 0.49652777812500004 0.45987654375
2 0.37586805624999997 0.54012345625 0.3806423609375 0.57330246875 0.45399305625 0.5632716046875 0.45746527812500004 0.5300925921874999 0.37586805624999997 0.54012345625
2 0.40703125 0.6140625 0.0734375 0.0484375
2 0.1890625 0.440625 0.08359375 0.03828125
2 0.22421875 0.54296875 0.0453125 0.03359375
2 0.06171875 0.434375 0.03359375 0.02578125
2 0.68046875 0.565625 0.0921875 0.04140625
2 0.50234375 0.79765625 0.025 0.0671875
2 0.515625 0.8515625 0.02109375 0.0515625
0 0.45859375 0.93359375 0.0203125 0.1328125
0 0.51328125 0.3296875 0.03046875 0.0890625
0 0.9390625 0.57734375 0.0796875 0.03359375
2 0.6734375 0.48984375 0.04296875 0.05390625
2 0.54765625 0.2234375 0.0171875 0.0796875
1 0.52578125 0.17421875 0.01640625 0.09765625
1 0.44921875 0.39296875 0.025 0.0546875
1 0.33515625 0.46875 0.02265625 0.028125
1 0.2984375 0.51328125 0.0265625 0.03515625
1 0.31875 0.5953125 0.0375 0.03671875
1 0.55078125 0.81875 0.01796875 0.06015625
1 0.5484375 0.8828125 0.0140625 0.053125
1 0.5171875 0.9359375 0.0171875 0.05078125
1 0.225 0.59296875 0.028125 0.0328125
1 0.25859375 0.51796875 0.03125 0.0265625
1 0.4078125 0.446875 0.028125 0.0359375
1 0.58359375 0.478125 0.04296875 0.03046875
2 0.7171875 0.49453125 0.03984375 0.034375