0 0.48046875 0.3328125 0.02568359375 0.10947265625
2 0.55 0.51953125 0.0607421875 0.1435546875
2 0.5046875 0.7578125 0.0212890625 0.04765625
2 0.521875 0.81328125 0.045703125 0.0458984375
2 0.33125 0.5015625 0.03583984375 0.0359375
2 0.19921875 0.3921875 0.08310546875 0.08310546875
2 0.828125 0.55703125 0.1009765625 0.04140625
0 0.8296875 0.49921875 0.044140625 0.04453125
1 0.4890625 0.46796875 0.019140625 0.05234375
1 0.4703125 0.5171875 0.043359375 0.04296875
1 0.5296875 0.2421875 0.03916015625 0.03896484375
1 0.5515625 0.1875 0.035546875 0.0353515625
1 0.51640625 0.2078125 0.034375 0.0341796875
2 0.5 0.22421875 0.04130859375 0.0859375
1 0.48359375 0.7 0.03515625 0.03603515625
1 0.46171875 0.78125 0.03203125 0.0486328125
1 0.55 0.70703125 0.0455078125 0.0466796875
1 0.334375 0.47421875 0.033984375 0.03388671875
1 0.33125 0.525 0.029296875 0.028125