1 0.48671875 0.54296875 0.02578125 0.1138671875
1 0.7359375 0.47421875 0.038671875 0.03671875
1 0.834375 0.53828125 0.10078125 0.06015625
1 0.52578125 0.78203125 0.02822265625 0.04228515625
1 0.51171875 0.67734375 0.04228515625 0.04228515625
1 0.053125 0.50390625 0.069921875 0.07060546875
0 0.4640625 0.2296875 0.065625 0.065625
0 0.2875 0.45078125 0.0603515625 0.06142578125
0 0.4859375 0.19375 0.03583984375 0.13427734375
0 0.5484375 0.078125 0.06650390625 0.06650390625
2 0.33671875 0.5109375 0.041796875 0.0419921875
2 0.74375 0.50625 0.04521484375 0.0453125
2 0.86875 0.45390625 0.05283203125 0.05185546875
2 0.19921875 0.40546875 0.070703125 0.070703125
1 0.09921875 0.42421875 0.034375 0.03681640625
1 0.54765625 0.2859375 0.0375 0.0375
1 0.50703125 0.2640625 0.0361328125 0.0353515625
1 0.51171875 0.18671875 0.0412109375 0.0416015625
1 0.425 0.40703125 0.03359375 0.046875
1 0.3625 0.42734375 0.0326171875 0.0328125
1 0.29765625 0.534375 0.032421875 0.0326171875
1 0.5796875 0.63125 0.03427734375 0.034375
0 0.6421875 0.5140625 0.04765625 0.0474609375
2 0.6875 0.48125 0.048828125 0.048828125
2 0.4578125 0.3453125 0.05302734375 0.05302734375
1 0.54296875 0.70703125 0.0474609375 0.0478515625