2 0.56171875 0.12890625 0.09951171875 0.099609375
2 0.33203125 0.50078125 0.05234375 0.0353515625
2 0.1984375 0.3890625 0.0685546875 0.06875
2 0.4890625 0.65546875 0.0599609375 0.0609375
2 0.5171875 0.809375 0.03203125 0.0541015625
2 0.50703125 0.7484375 0.03671875 0.0357421875
2 0.74140625 0.48984375 0.03740234375 0.0375
2 0.6890625 0.48515625 0.05234375 0.05234375
0 0.8296875 0.55546875 0.10009765625 0.05166015625
0 0.47890625 0.33515625 0.0796875 0.08056640625
0 0.5796875 0.8046875 0.07958984375 0.07958984375
1 0.46484375 0.77421875 0.07021484375 0.07021484375
1 0.4734375 0.47265625 0.03671875 0.04921875
1 0.4921875 0.428125 0.0359375 0.034375
1 0.53125 0.53046875 0.0302734375 0.06953125
2 0.546875 0.48984375 0.034375 0.05693359375
1 0.5171875 0.20625 0.04052734375 0.0408203125
1 0.5015625 0.25390625 0.02705078125 0.02763671875