2 0.4230562046875 0.45471974218750005 0.43567601875 0.445883253125 0.4223722171875 0.42264233124999995 0.3896054859375 0.4295725984375 0.322947884375 0.4282070125 0.34258785937499997 0.46155273750000003 0.4088028890625 0.46228626093749997 0.4230562046875 0.45471974218750005
2 0.19296875 0.4140625 0.065234375 0.065625
2 0.07109375 0.40390625 0.03740234375 0.0375
2 0.71953125 0.44921875 0.050390625 0.0505859375
2 0.51484375 0.74765625 0.04453125 0.04443359375
0 0.5265625 0.809375 0.0376953125 0.03671875
0 0.63203125 0.44609375 0.0390625 0.0390625
0 0.95 0.52109375 0.07265625 0.0736328125
2 0.5890625 0.8046875 0.0697265625 0.06796875
1 0.79765625 0.5234375 0.0634765625 0.064453125
1 0.503125 0.4484375 0.0470703125 0.047265625
1 0.4171875 0.58203125 0.03505859375 0.02802734375
1 0.4625 0.75234375 0.03271484375 0.05078125
1 0.465625 0.85546875 0.0314453125 0.0609375
1 0.5125 0.83203125 0.0453125 0.0453125
1 0.56171875 0.77109375 0.0474609375 0.0484375
1 0.54375 0.78125 0.02197265625 0.04462890625
1 0.12421875 0.43828125 0.03212890625 0.03193359375