2 0.41876092031249995 0.47237071718749996 0.367573659375 0.443488878125 0.353523096875 0.4572710890625 0.392791140625 0.49529843125 0.398187075 0.4917942703125 0.42023262031249997 0.47463693593749995 0.41876092031249995 0.47237071718749996
2 0.665625 0.4671875 0.0375 0.037890625
2 0.4875 0.89140625 0.050390625 0.050390625
2 0.19296875 0.40703125 0.05888671875 0.058984375
2 0.1890625 0.43671875 0.0732421875 0.073046875
2 0.25703125 0.48515625 0.05380859375 0.05380859375
2 0.2609375 0.51328125 0.04560546875 0.04482421875
2 0.4953125 0.184375 0.03046875 0.10927734375
2 0.8421875 0.5265625 0.07890625 0.07880859375
0 0.48125 0.07265625 0.0451171875 0.1158203125
1 0.4671875 0.228125 0.02578125 0.07490234375
1 0.4671875 0.2875 0.03759765625 0.03759765625
1 0.45859375 0.34765625 0.02958984375 0.04052734375
1 0.43515625 0.39453125 0.0392578125 0.0390625
1 0.375 0.51640625 0.0390625 0.0265625
1 0.4453125 0.61484375 0.038671875 0.0390625
1 0.5796875 0.49609375 0.02744140625 0.03291015625
0 0.309375 0.54140625 0.05390625 0.05390625
2 0.525 0.76640625 0.03359375 0.07724609375
1 0.559375 0.78203125 0.0294921875 0.030078125
1 0.54609375 0.77265625 0.04287109375 0.04287109375
1 0.5140625 0.20703125 0.0416015625 0.040625
1 0.51640625 0.1390625 0.02802734375 0.05703125
1 0.678125 0.490625 0.033203125 0.033984375
1 0.62109375 0.4921875 0.03388671875 0.03388671875
1 0.34375 0.4828125 0.0421875 0.04208984375
0 0.5953125 0.8078125 0.06884765625 0.06875