2 0.5546875 0.15234375 0.05947265625 0.15625
2 0.50703125 0.146875 0.02490234375 0.1123046875
2 0.47109375 0.43828125 0.0650390625 0.065234375
2 0.38811954375 0.5750130687499999 0.4218888640625 0.6136825328125 0.42224186250000006 0.6137575656250001 0.42201884375 0.6101362328125 0.44984586875000004 0.6054016703125 0.4111775796875 0.5653324140625 0.41088785781250003 0.56527083125 0.38846364843750003 0.5733941812500001 0.38811954375 0.5750130687499999
2 0.5375 0.57734375 0.04306640625 0.08662109375
1 0.44765625 0.35703125 0.0484375 0.0484375
2 0.1328125 0.478125 0.0650390625 0.0646484375
2 0.20625 0.40625 0.09990234375 0.06083984375
2 0.83125 0.53671875 0.073046875 0.073828125
2 0.525 0.86875 0.0490234375 0.1798828125
2 0.45078125 0.740625 0.03583984375 0.0634765625
1 0.4703125 0.63203125 0.0265625 0.0515625
1 0.46796875 0.7421875 0.04013671875 0.040234375
2 0.47890625 0.2375 0.04189453125 0.041796875
0 0.55703125 0.553125 0.02265625 0.037109375
0 0.54609375 0.32578125 0.0833984375 0.084375
1 0.3875 0.5546875 0.0298828125 0.0361328125
1 0.29765625 0.5546875 0.03515625 0.0359375
1 0.34609375 0.56328125 0.0333984375 0.0345703125
1 0.33125 0.5125 0.0328125 0.03056640625
1 0.55546875 0.76953125 0.03046875 0.02958984375
1 0.52421875 0.70859375 0.05 0.05
1 0.490625 0.85859375 0.0359375 0.0359375
1 0.4625 0.85703125 0.04150390625 0.04140625