1 0.48671875 0.54296875 0.078515625 0.07841796875
1 0.7359375 0.47421875 0.0365234375 0.03671875
1 0.834375 0.53828125 0.1046875 0.0515625
1 0.52578125 0.78203125 0.03291015625 0.03291015625
1 0.51171875 0.67734375 0.0462890625 0.0462890625
1 0.053125 0.50390625 0.070703125 0.07060546875
0 0.4640625 0.2296875 0.03984375 0.090625
0 0.2875 0.45078125 0.0580078125 0.05830078125
0 0.4859375 0.19375 0.0896484375 0.0896484375
0 0.5484375 0.078125 0.02978515625 0.11259765625
2 0.33671875 0.5109375 0.04609375 0.0275390625
2 0.74375 0.50625 0.03818359375 0.03828125
2 0.86875 0.45390625 0.0537109375 0.0525390625
2 0.19921875 0.40546875 0.08984375 0.03359375
1 0.09921875 0.42421875 0.034375 0.0345703125
1 0.54765625 0.2859375 0.03203125 0.0484375
1 0.50703125 0.2640625 0.03115234375 0.05224609375
1 0.51171875 0.18671875 0.0169921875 0.0517578125
1 0.425 0.40703125 0.034765625 0.033984375
1 0.3625 0.42734375 0.033203125 0.03359375
1 0.29765625 0.534375 0.0375 0.0244140625
1 0.5796875 0.63125 0.0349609375 0.03515625
0 0.6421875 0.5140625 0.0421875 0.0419921875
2 0.6875 0.48125 0.048828125 0.048828125
2 0.4578125 0.3453125 0.04208984375 0.06943359375
1 0.54296875 0.70703125 0.0357421875 0.0626953125