0 0.48046875 0.3328125 0.06591796875 0.06611328125
2 0.55 0.51953125 0.10341796875 0.10341796875
2 0.5046875 0.7578125 0.0353515625 0.03515625
2 0.521875 0.81328125 0.03359375 0.05791015625
2 0.33125 0.5015625 0.04052734375 0.040625
2 0.19921875 0.3921875 0.08310546875 0.08310546875
2 0.828125 0.55703125 0.08173828125 0.082421875
0 0.8296875 0.49921875 0.0466796875 0.04140625
1 0.4890625 0.46796875 0.0392578125 0.038671875
1 0.4703125 0.5171875 0.0416015625 0.04140625
1 0.5296875 0.2421875 0.03916015625 0.03896484375
1 0.5515625 0.1875 0.033203125 0.0330078125
1 0.51640625 0.2078125 0.0328125 0.0326171875
2 0.5 0.22421875 0.0630859375 0.06328125
1 0.48359375 0.7 0.034375 0.0345703125
1 0.46171875 0.78125 0.035546875 0.03642578125
1 0.55 0.70703125 0.0349609375 0.0603515625
1 0.334375 0.47421875 0.032421875 0.0330078125
1 0.33125 0.525 0.033203125 0.02421875