2 0.4953125 0.1828125 0.01875 0.09921875
2 0.4548611109375 0.43055555625 0.4396701390625 0.446759259375 0.4709201390625 0.47608024687499995 0.5021701390625 0.553240740625 0.5243055562500001 0.546296296875 0.48394097187499996 0.46296296249999996 0.4548611109375 0.43055555625
2 0.19609375 0.40703125 0.0796875 0.02421875
2 0.25234375 0.4828125 0.07890625 0.03515625
2 0.265625 0.5125 0.06171875 0.0296875
2 0.5296875 0.74375 0.01640625 0.14140625
2 0.63984375 0.50625 0.08984375 0.02890625
0 0.8390625 0.525 0.08203125 0.0390625
0 0.30546875 0.53671875 0.0625 0.02578125
1 0.43671875 0.4921875 0.02421875 0.03984375
1 0.47578125 0.540625 0.02734375 0.03203125
1 0.503125 0.6171875 0.0171875 0.0421875
1 0.42734375 0.5875 0.03203125 0.03515625
1 0.4515625 0.6671875 0.021875 0.03046875
1 0.35703125 0.5609375 0.0296875 0.02890625
1 0.36875 0.4609375 0.03515625 0.0203125
1 0.4359375 0.39140625 0.02890625 0.03515625
1 0.51875 0.36953125 0.0171875 0.05
0 0.48203125 0.065625 0.01171875 0.115625
1 0.525 0.6203125 0.01640625 0.05546875
1 0.54296875 0.44140625 0.025 0.04375
1 0.58125 0.47578125 0.02890625 0.04140625
2 0.671875 0.4703125 0.034375 0.03046875
1 0.509375 0.25625 0.0171875 0.053125