1 0.48671875 0.54296875 0.021875 0.11328125
1 0.7359375 0.47421875 0.0328125 0.03125
1 0.834375 0.53828125 0.103125 0.03125
1 0.52578125 0.78203125 0.01796875 0.04296875
1 0.51171875 0.67734375 0.02734375 0.05859375
1 0.053125 0.50390625 0.084375 0.03515625
0 0.4640625 0.2296875 0.021875 0.090625
0 0.2875 0.45078125 0.0609375 0.04609375
0 0.4859375 0.19375 0.02109375 0.13359375
0 0.5484375 0.078125 0.01640625 0.11328125
2 0.33671875 0.5109375 0.0453125 0.02578125
2 0.74375 0.50625 0.04296875 0.034375
2 0.86875 0.45390625 0.06953125 0.03515625
2 0.19921875 0.40546875 0.0890625 0.03125
1 0.09921875 0.42421875 0.0296875 0.03359375
1 0.54765625 0.2859375 0.021875 0.046875
1 0.50703125 0.2640625 0.01640625 0.05234375
1 0.51171875 0.18671875 0.01640625 0.05234375
1 0.425 0.40703125 0.021875 0.0453125
1 0.3625 0.42734375 0.0234375 0.03125
1 0.29765625 0.534375 0.0359375 0.01953125
1 0.5796875 0.63125 0.01484375 0.046875
0 0.6421875 0.5140625 0.0375 0.04296875
2 0.6875 0.48125 0.0453125 0.0390625
2 0.4578125 0.3453125 0.02421875 0.06796875
1 0.54296875 0.70703125 0.02265625 0.06171875