2 0.48657749375000003 0.48101232187500004 0.48655255156250005 0.48244118125 0.503163409375 0.49217025625 0.5041512984375001 0.4921875 0.5122454203125 0.4921875 0.5484375 0.4634771640625 0.5484375 0.4625860109375 0.5276963578125 0.4508627625 0.48657749375000003 0.48101232187500004
2 0.48585030625 0.5045444484375 0.486306659375 0.5040005890625 0.4771810203125 0.443744653125 0.44677427343750004 0.4441574390625 0.4466234390625 0.44433719531250004 0.44879219687500005 0.4903939390625 0.44956440937500003 0.491041903125 0.48585030625 0.5045444484375
2 0.4110468921875 0.5104051328125 0.3891976359375 0.5865609484375 0.40060962812499995 0.5883684312499999 0.42217098750000004 0.589508103125 0.4420726421875 0.5235366234375001 0.4421875 0.5228114390624999 0.4421875 0.5182072796875 0.42317424218750005 0.5123259171875 0.4110468921875 0.5104051328125
2 0.40703125 0.6140625 0.070703125 0.0708984375
2 0.1890625 0.440625 0.06865234375 0.06962890625
2 0.22421875 0.54296875 0.05 0.04306640625
2 0.06171875 0.434375 0.0345703125 0.0283203125
2 0.68046875 0.565625 0.075390625 0.07470703125
2 0.50234375 0.79765625 0.040625 0.06796875
2 0.515625 0.8515625 0.0404296875 0.040234375
0 0.45859375 0.93359375 0.08828125 0.08828125
0 0.51328125 0.3296875 0.0423828125 0.092578125
0 0.9390625 0.57734375 0.081640625 0.0478515625
2 0.6734375 0.48984375 0.04365234375 0.05458984375
2 0.54765625 0.2234375 0.057421875 0.05703125
1 0.52578125 0.17421875 0.02099609375 0.09833984375
1 0.44921875 0.39296875 0.047265625 0.047265625
1 0.33515625 0.46875 0.0287109375 0.03203125
1 0.2984375 0.51328125 0.030078125 0.0373046875
1 0.31875 0.5953125 0.04453125 0.0443359375
1 0.55078125 0.81875 0.0451171875 0.0443359375
1 0.5484375 0.8828125 0.0380859375 0.03828125
1 0.5171875 0.9359375 0.039453125 0.0392578125
1 0.225 0.59296875 0.035546875 0.035546875
1 0.25859375 0.51796875 0.033984375 0.033984375
1 0.4078125 0.446875 0.03125 0.039453125
1 0.58359375 0.478125 0.0380859375 0.0376953125
2 0.7171875 0.49453125 0.0427734375 0.04296875