2 0.5546875 0.15234375 0.01640625 0.165625
2 0.50703125 0.146875 0.01953125 0.1109375
2 0.47109375 0.43828125 0.02890625 0.08125
2 0.4427083328125 0.6033950625 0.4114583328125 0.5570987656249999 0.4010416671875 0.5833333328125 0.397203946875 0.5822673 0.42925347187499996 0.625 0.4427083328125 0.6033950625
2 0.5375 0.57734375 0.01328125 0.09453125
1 0.44765625 0.35703125 0.028125 0.053125
2 0.1328125 0.478125 0.08828125 0.03671875
2 0.20625 0.40625 0.09609375 0.03984375
2 0.83125 0.53671875 0.1 0.0390625
2 0.525 0.86875 0.02109375 0.18203125
2 0.45078125 0.740625 0.01328125 0.0703125
1 0.4703125 0.63203125 0.01875 0.05
1 0.46796875 0.7421875 0.01640625 0.05
2 0.47890625 0.2375 0.01484375 0.05625
0 0.55703125 0.553125 0.0140625 0.0359375
0 0.54609375 0.32578125 0.02890625 0.1140625
1 0.3875 0.5546875 0.02890625 0.03515625
1 0.29765625 0.5546875 0.034375 0.03125
1 0.34609375 0.56328125 0.02890625 0.03359375
1 0.33125 0.5125 0.03125 0.02890625
1 0.55546875 0.76953125 0.0140625 0.04140625
1 0.52421875 0.70859375 0.021875 0.0625
1 0.490625 0.85859375 0.015625 0.05
1 0.4625 0.85703125 0.02265625 0.053125