2 0.49962459687500005 0.5185901609375 0.5516094890625001 0.4585907015625 0.550977615625 0.45735058124999994 0.5340403015625 0.45526513281250003 0.49397656874999996 0.48201119375 0.44384461875000003 0.5518826875 0.47194226875 0.545760675 0.48171053593749996 0.54078349375 0.49962459687500005 0.5185901609375
2 0.3328125 0.43046875 0.0712890625 0.0708984375
2 0.19375 0.40625 0.09052734375 0.03603515625
2 0.26484375 0.50859375 0.0361328125 0.0357421875
2 0.25234375 0.48125 0.08203125 0.046875
2 0.49609375 0.17578125 0.0650390625 0.0650390625
0 0.48203125 0.0765625 0.086328125 0.085546875
2 0.51875 0.9 0.02421875 0.1064453125
2 0.6671875 0.4703125 0.02587890625 0.0203125
2 0.79765625 0.49765625 0.0607421875 0.0607421875
2 0.8421875 0.534375 0.075390625 0.0775390625
0 0.3078125 0.53671875 0.07333984375 0.0328125
1 0.43515625 0.3890625 0.0369140625 0.0369140625
1 0.5625 0.45703125 0.0548828125 0.0541015625
1 0.53515625 0.4109375 0.0359375 0.06796875
1 0.61171875 0.49765625 0.04140625 0.0416015625
1 0.509375 0.6375 0.023828125 0.0453125
1 0.5328125 0.63984375 0.0369140625 0.03671875
1 0.5125 0.32421875 0.0255859375 0.0494140625
1 0.50703125 0.2515625 0.03046875 0.04921875
1 0.5140625 0.1515625 0.0341796875 0.0341796875
1 0.43125 0.49296875 0.049609375 0.04951171875
1 0.453125 0.68515625 0.042578125 0.04345703125
1 0.4265625 0.45078125 0.0353515625 0.03515625