2 0.4612747625 0.3194127296875 0.43096661875000003 0.3719304859375 0.42532895625 0.389655225 0.431990828125 0.4075189703125 0.43280441875 0.40786431875 0.484139228125 0.3205324921875 0.5078125 0.2647617578125 0.5078125 0.263006965625 0.491303578125 0.257555753125 0.4612747625 0.3194127296875
2 0.196875 0.4140625 0.06796875 0.0677734375
2 0.06953125 0.40703125 0.04453125 0.04453125
2 0.72265625 0.4421875 0.036328125 0.03671875
2 0.5109375 0.7515625 0.0525390625 0.05234375
2 0.5296875 0.809375 0.03828125 0.0380859375
2 0.7921875 0.51953125 0.059765625 0.0607421875
1 0.5859375 0.43359375 0.03740234375 0.0375
1 0.51640625 0.5078125 0.038671875 0.038671875
1 0.45 0.52734375 0.039453125 0.03935546875
1 0.4546875 0.64296875 0.04091796875 0.041015625
1 0.36796875 0.565625 0.0359375 0.03681640625
1 0.24375 0.5625 0.0478515625 0.04775390625
1 0.5078125 0.21796875 0.0341796875 0.0333984375
1 0.49296875 0.20859375 0.0318359375 0.0337890625
1 0.47890625 0.22578125 0.0171875 0.0349609375
1 0.4953125 0.2890625 0.01318359375 0.04697265625
1 0.56171875 0.7734375 0.028125 0.05625
1 0.54453125 0.78515625 0.02734375 0.0275390625
1 0.4703125 0.8796875 0.03583984375 0.0359375
1 0.5640625 0.9078125 0.0375 0.0375
2 0.54609375 0.91015625 0.0322265625 0.0578125
1 0.81640625 0.4890625 0.0376953125 0.0376953125
0 0.678125 0.44375 0.046484375 0.041015625
1 0.25703125 0.4328125 0.03232421875 0.032421875
1 0.5140625 0.15 0.04453125 0.0443359375