2 0.5571948531250001 0.5946677874999999 0.5569070859374999 0.5936642265625001 0.45148002187499997 0.5997793296875 0.4454355625 0.618730471875 0.44568994687499996 0.6196176140625 0.5420032640625 0.6125223906249999 0.5427549593750001 0.6123068453125 0.5571948531250001 0.5946677874999999
2 0.1984375 0.40078125 0.073828125 0.07373046875
2 0.13515625 0.43046875 0.078125 0.07822265625
2 0.25625 0.48515625 0.0541015625 0.05498046875
2 0.26875 0.5109375 0.0482421875 0.0484375
2 0.3625 0.43671875 0.0919921875 0.0603515625
2 0.4984375 0.1734375 0.03369140625 0.09384765625
2 0.9640625 0.49765625 0.05048828125 0.05107421875
2 0.8359375 0.5265625 0.07880859375 0.0796875
0 0.48125 0.07265625 0.03271484375 0.10390625
1 0.55 0.45390625 0.0333984375 0.0333984375
1 0.52421875 0.39140625 0.03671875 0.03671875
1 0.5140625 0.325 0.04453125 0.044921875
1 0.46484375 0.34765625 0.0109375 0.03984375
1 0.43671875 0.3875 0.0427734375 0.0416015625
1 0.4421875 0.4453125 0.03828125 0.03828125
1 0.40703125 0.475 0.0369140625 0.0361328125
1 0.42109375 0.6015625 0.03564453125 0.03623046875
1 0.55859375 0.78515625 0.02646484375 0.0421875
1 0.54375 0.7796875 0.0330078125 0.0328125
1 0.58828125 0.48984375 0.03515625 0.03671875
2 0.66796875 0.4640625 0.0376953125 0.0376953125