2 0.4197048609375 0.39737654375 0.3658854171875 0.43672839531249996 0.33506944375000003 0.449845678125 0.3376736109375 0.4783950625 0.3689236109375 0.47453703750000004 0.42274305625 0.43595678906249996 0.4197048609375 0.39737654375
2 0.19296875 0.4140625 0.0828125 0.0296875
2 0.07109375 0.40390625 0.03515625 0.0296875
2 0.71953125 0.44921875 0.046875 0.04609375
2 0.51484375 0.74765625 0.0203125 0.06328125
0 0.5265625 0.809375 0.0171875 0.05
0 0.63203125 0.44609375 0.04375 0.034375
0 0.95 0.52109375 0.0734375 0.05078125
2 0.5890625 0.8046875 0.02265625 0.1125
1 0.79765625 0.5234375 0.08515625 0.025
1 0.503125 0.4484375 0.03828125 0.0421875
1 0.4171875 0.58203125 0.03359375 0.02578125
1 0.4625 0.75234375 0.02421875 0.0484375
1 0.465625 0.85546875 0.02265625 0.059375
1 0.5125 0.83203125 0.01875 0.0625
1 0.56171875 0.77109375 0.01640625 0.0640625
1 0.54375 0.78125 0.01015625 0.04765625
1 0.12421875 0.43828125 0.03359375 0.01953125