2 0.365002225 0.4936147625 0.369558225 0.4907678578125 0.3898575765625 0.474307496875 0.41505463750000005 0.41306962968749994 0.3920336875 0.381961725 0.3672455140625 0.44385394843750003 0.3480631875 0.47130801250000004 0.365002225 0.4936147625
2 0.19296875 0.4140625 0.084375 0.035546875
2 0.07109375 0.40390625 0.03583984375 0.0296875
2 0.71953125 0.44921875 0.05390625 0.0533203125
2 0.51484375 0.74765625 0.04765625 0.0474609375
0 0.5265625 0.809375 0.0392578125 0.03828125
0 0.63203125 0.44609375 0.0390625 0.0390625
0 0.95 0.52109375 0.0826171875 0.06630859375
2 0.5890625 0.8046875 0.0783203125 0.07734375
1 0.79765625 0.5234375 0.08740234375 0.0390625
1 0.503125 0.4484375 0.04697265625 0.0470703125
1 0.4171875 0.58203125 0.0341796875 0.0263671875
1 0.4625 0.75234375 0.03935546875 0.038671875
1 0.465625 0.85546875 0.04462890625 0.04453125
1 0.5125 0.83203125 0.03515625 0.06171875
1 0.56171875 0.77109375 0.0427734375 0.04375
1 0.54375 0.78125 0.02197265625 0.04541015625
1 0.12421875 0.43828125 0.03525390625 0.02646484375