2 0.3855867796875 0.4337270578125 0.35730574531250003 0.48094456093750004 0.3744446453125 0.4906206015625 0.4171875 0.44871489999999997 0.4171875 0.4468793765625 0.387553603125 0.43436611718749996 0.3855867796875 0.4337270578125
2 0.665625 0.4671875 0.0375 0.037890625
2 0.4875 0.89140625 0.03359375 0.05859375
2 0.19296875 0.40703125 0.08037109375 0.05234375
2 0.1890625 0.43671875 0.06767578125 0.066796875
2 0.25703125 0.48515625 0.06240234375 0.06240234375
2 0.2609375 0.51328125 0.0552734375 0.0373046875
2 0.4953125 0.184375 0.0734375 0.07255859375
2 0.8421875 0.5265625 0.10078125 0.05693359375
0 0.48125 0.07265625 0.0451171875 0.1158203125
1 0.4671875 0.228125 0.05 0.0482421875
1 0.4671875 0.2875 0.03056640625 0.04306640625
1 0.45859375 0.34765625 0.0388671875 0.0388671875
1 0.43515625 0.39453125 0.0384765625 0.03828125
1 0.375 0.51640625 0.03984375 0.028125
1 0.4453125 0.61484375 0.0404296875 0.040625
1 0.5796875 0.49609375 0.0271484375 0.0279296875
0 0.309375 0.54140625 0.06796875 0.0390625
2 0.525 0.76640625 0.056640625 0.05576171875
1 0.559375 0.78203125 0.034375 0.033203125
1 0.54609375 0.77265625 0.02958984375 0.05537109375
1 0.5140625 0.20703125 0.04697265625 0.046875
1 0.51640625 0.1390625 0.0208984375 0.05703125
1 0.678125 0.490625 0.0373046875 0.0376953125
1 0.62109375 0.4921875 0.0294921875 0.0333984375
1 0.34375 0.4828125 0.0453125 0.0451171875
0 0.5953125 0.8078125 0.0595703125 0.059375