2 0.55390625 0.6828125 0.02265625 0.134375
2 0.38046875 0.55859375 0.0404296875 0.0404296875
2 0.43046875 0.6109375 0.04091796875 0.0404296875
2 0.46328125 0.9140625 0.07548828125 0.076171875
2 0.528125 0.87265625 0.087109375 0.08642578125
2 0.19453125 0.41015625 0.08515625 0.0548828125
2 0.03203125 0.4703125 0.0640625 0.065625
2 0.82734375 0.53828125 0.08603515625 0.06728515625
0 0.5125 0.14140625 0.0494140625 0.12109375
0 0.53125 0.07109375 0.021484375 0.1046875
0 0.5609375 0.8796875 0.094921875 0.095703125
1 0.58828125 0.79296875 0.03828125 0.10625
2 0.55390625 0.25546875 0.05634765625 0.05625
1 0.4890625 0.52109375 0.021484375 0.0373046875
1 0.5546875 0.42109375 0.0185546875 0.04609375
1 0.4765625 0.4453125 0.0357421875 0.049609375
1 0.4953125 0.32578125 0.0400390625 0.03984375
1 0.47578125 0.33046875 0.0419921875 0.041796875
1 0.5296875 0.24765625 0.0345703125 0.03359375
1 0.478125 0.2203125 0.034375 0.03427734375
2 0.4796875 0.08515625 0.0736328125 0.0740234375
1 0.4890625 0.68515625 0.0416015625 0.0419921875
1 0.32421875 0.4890625 0.0396484375 0.0328125
1 0.33671875 0.55625 0.03876953125 0.038671875
1 0.284375 0.56015625 0.029296875 0.0296875
1 0.525 0.69375 0.0462890625 0.0453125
1 0.46875 0.69921875 0.0294921875 0.0564453125
1 0.5421875 0.74921875 0.0296875 0.029296875