2 0.55390625 0.6828125 0.01875 0.134375
2 0.38046875 0.55859375 0.04140625 0.03828125
2 0.43046875 0.6109375 0.02265625 0.0546875
2 0.46328125 0.9140625 0.02421875 0.125
2 0.528125 0.87265625 0.01875 0.14296875
2 0.19453125 0.41015625 0.084375 0.03359375
2 0.03125 0.4703125 0.0625 0.046875
2 0.82734375 0.53828125 0.08359375 0.04609375
0 0.5125 0.14140625 0.0265625 0.121875
0 0.53125 0.07109375 0.0171875 0.1046875
0 0.5609375 0.8796875 0.0265625 0.1359375
1 0.58828125 0.79296875 0.0171875 0.1078125
2 0.55390625 0.25546875 0.02109375 0.0828125
1 0.4890625 0.52109375 0.0171875 0.03515625
1 0.5546875 0.42109375 0.0140625 0.0453125
1 0.4765625 0.4453125 0.02421875 0.0484375
1 0.4953125 0.32578125 0.01328125 0.053125
1 0.47578125 0.33046875 0.01484375 0.059375
1 0.5296875 0.24765625 0.0171875 0.05
1 0.478125 0.2203125 0.025 0.03984375
2 0.4796875 0.08515625 0.02421875 0.10546875
1 0.4890625 0.68515625 0.01796875 0.05234375
1 0.32421875 0.4890625 0.03828125 0.03125
1 0.33671875 0.55625 0.03671875 0.03125
1 0.284375 0.56015625 0.0296875 0.01875
1 0.525 0.69375 0.0203125 0.059375
1 0.46875 0.69921875 0.02109375 0.05546875
1 0.5421875 0.74921875 0.0171875 0.0359375