2 0.5323447890625 0.5648494093750001 0.53282551875 0.5643338890625 0.504237246875 0.484309465625 0.47517368906249996 0.45000663437500005 0.4724336296875 0.44745148593749995 0.4558681546875 0.444833509375 0.4551500203125 0.4456036140625 0.488725484375 0.5179146203125 0.49934993906249997 0.5430541734375 0.50958565 0.552599128125 0.5323447890625 0.5648494093750001
2 0.3328125 0.43046875 0.0943359375 0.0611328125
2 0.19375 0.40625 0.07333984375 0.07353515625
2 0.26484375 0.50859375 0.0431640625 0.0427734375
2 0.25234375 0.48125 0.08125 0.03671875
2 0.49609375 0.17578125 0.0275390625 0.0916015625
0 0.48203125 0.0765625 0.05625 0.11796875
2 0.51875 0.9 0.0375 0.105859375
2 0.6671875 0.4703125 0.0251953125 0.025
2 0.79765625 0.49765625 0.0630859375 0.0630859375
2 0.8421875 0.534375 0.0802734375 0.08056640625
0 0.3078125 0.53671875 0.07177734375 0.028125
1 0.43515625 0.3890625 0.03779296875 0.03779296875
1 0.5625 0.45703125 0.05107421875 0.05107421875
1 0.53515625 0.4109375 0.05234375 0.05234375
1 0.61171875 0.49765625 0.03828125 0.0384765625
1 0.509375 0.6375 0.0275390625 0.0453125
1 0.5328125 0.63984375 0.03837890625 0.03828125
1 0.5125 0.32421875 0.0361328125 0.0365234375
1 0.50703125 0.2515625 0.03203125 0.04921875
1 0.5140625 0.1515625 0.0365234375 0.0365234375
1 0.43125 0.49296875 0.050390625 0.05029296875
1 0.453125 0.68515625 0.0234375 0.0611328125
1 0.4265625 0.45078125 0.0361328125 0.0359375