2 0.53125 0.09375 0.0140625 0.1421875
2 0.52578125 0.28203125 0.03359375 0.08046875
2 0.45703125 0.08984375 0.0203125 0.17890625
2 0.1921875 0.415625 0.0765625 0.04140625
0 0.67890625 0.440625 0.05390625 0.0296875
2 0.725 0.4375 0.02734375 0.034375
0 0.9421875 0.5171875 0.0734375 0.03125
2 0.471875 0.915625 0.01953125 0.16875
2 0.76484375 0.51640625 0.08671875 0.03828125
1 0.29375 0.43046875 0.03359375 0.0359375
1 0.28125 0.47734375 0.03515625 0.05
1 0.496875 0.5171875 0.0375 0.02734375
1 0.51328125 0.42421875 0.025 0.04296875
1 0.48046875 0.409375 0.02890625 0.04140625
1 0.40625 0.5625 0.0359375 0.0421875
1 0.4359375 0.6171875 0.01875 0.0578125
1 0.5828125 0.43046875 0.0359375 0.02421875
1 0.4578125 0.771875 0.0171875 0.0609375
1 0.29140625 0.55625 0.03203125 0.034375
1 0.20546875 0.55703125 0.0328125 0.028125
1 0.15625 0.51171875 0.0296875 0.03203125
1 0.15234375 0.55859375 0.02578125 0.02421875
1 0.096875 0.43671875 0.0453125 0.02734375
1 0.09765625 0.49765625 0.02890625 0.02890625
2 0.065625 0.40703125 0.03828125 0.03984375
2 0.50859375 0.753125 0.01875 0.06484375
2 0.5265625 0.80859375 0.01328125 0.0578125
0 0.58828125 0.79921875 0.02421875 0.12578125
1 0.48828125 0.28515625 0.021875 0.07109375