2 0.55390625 0.6828125 0.08359375 0.084375
2 0.38046875 0.55859375 0.0474609375 0.0474609375
2 0.43046875 0.6109375 0.0392578125 0.040625
2 0.46328125 0.9140625 0.05087890625 0.12265625
2 0.528125 0.87265625 0.094140625 0.09345703125
2 0.19453125 0.41015625 0.08671875 0.0517578125
2 0.03203125 0.46953125 0.0640625 0.0546875
2 0.82734375 0.53828125 0.06884765625 0.06884765625
0 0.5125 0.14140625 0.0853515625 0.08515625
0 0.53125 0.07109375 0.0728515625 0.073046875
0 0.5609375 0.8796875 0.082421875 0.083203125
1 0.58828125 0.79296875 0.06328125 0.06328125
2 0.55390625 0.25546875 0.04306640625 0.08046875
1 0.4890625 0.52109375 0.0302734375 0.02998046875
1 0.5546875 0.42109375 0.03046875 0.031640625
1 0.4765625 0.4453125 0.03115234375 0.0494140625
1 0.4953125 0.32578125 0.03603515625 0.03515625
1 0.47578125 0.33046875 0.03212890625 0.05546875
1 0.5296875 0.24765625 0.033984375 0.0328125
1 0.478125 0.2203125 0.03203125 0.03193359375
2 0.4796875 0.08515625 0.05771484375 0.09775390625
1 0.4890625 0.68515625 0.04169921875 0.04189453125
1 0.32421875 0.4890625 0.0361328125 0.035546875
1 0.33671875 0.55625 0.0396484375 0.040234375
1 0.284375 0.56015625 0.029296875 0.0296875
1 0.525 0.69375 0.0470703125 0.046875
1 0.46875 0.69921875 0.04013671875 0.04111328125
1 0.5421875 0.74921875 0.02734375 0.026171875