1 0.3390625 0.4359375 0.0521484375 0.05234375
1 0.1953125 0.55703125 0.04990234375 0.05078125
1 0.2390625 0.63203125 0.04169921875 0.04091796875
1 0.4359375 0.6296875 0.0326171875 0.0703125
1 0.48125 0.6609375 0.0396484375 0.04140625
1 0.37421875 0.19375 0.0236328125 0.062890625
1 0.5078125 0.22109375 0.0474609375 0.0462890625
1 0.4609375 0.10625 0.040625 0.0408203125
1 0.7125 0.45078125 0.0412109375 0.0310546875
1 0.709375 0.496875 0.0376953125 0.026171875
1 0.7015625 0.53984375 0.03984375 0.039453125
1 0.75859375 0.546875 0.038671875 0.0396484375
1 0.8203125 0.56015625 0.0369140625 0.036328125
1 0.834375 0.51328125 0.04560546875 0.04560546875
1 0.88125 0.51953125 0.04208984375 0.03671875
1 0.76796875 0.50390625 0.0357421875 0.03671875
0 0.96875 0.35703125 0.06064453125 0.06064453125
0 0.13359375 0.74140625 0.11328125 0.0916015625
1 0.04609375 0.775 0.044140625 0.04326171875
1 0.07734375 0.7125 0.04404296875 0.044921875
1 0.13515625 0.68671875 0.0412109375 0.041015625
1 0.19296875 0.66015625 0.0501953125 0.0501953125
1 0.22265625 0.703125 0.048046875 0.0470703125
1 0.4140625 0.76953125 0.0548828125 0.055078125
1 0.4921875 0.8515625 0.02255859375 0.0724609375
1 0.44765625 0.9265625 0.03056640625 0.0720703125
1 0.46875 0.9578125 0.05078125 0.0505859375