0 0.49375 0.31484375 0.0265625 0.2609375
0 0.18671875 0.68828125 0.10625 0.08125
0 0.4625 0.91640625 0.03125 0.16015625
0 0.4046875 0.7125 0.01953125 0.1046875
0 0.9609375 0.36171875 0.05859375 0.0359375
0 0.88046875 0.478125 0.053125 0.07890625
1 0.08515625 0.72578125 0.03828125 0.03359375
1 0.1671875 0.64140625 0.03828125 0.03671875
1 0.221875 0.615625 0.03671875 0.034375
1 0.13984375 0.55 0.03984375 0.04296875
1 0.421875 0.4984375 0.01484375 0.06171875
1 0.49609375 0.56953125 0.0171875 0.06015625
1 0.4609375 0.271875 0.01484375 0.065625
1 0.40390625 0.28828125 0.01796875 0.06640625
1 0.50703125 0.77578125 0.0125 0.06875
1 0.7015625 0.4828125 0.03671875 0.03203125
1 0.76328125 0.49140625 0.03984375 0.03046875
1 0.82734375 0.51015625 0.03671875 0.028125
1 0.896875 0.528125 0.03984375 0.03203125