1 0.39921875 0.13671875 0.0431640625 0.04296875
1 0.47421875 0.42421875 0.04521484375 0.04619140625
1 0.428125 0.33203125 0.0390625 0.0390625
1 0.3625 0.35703125 0.0517578125 0.05185546875
1 0.4078125 0.48203125 0.03994140625 0.03984375
1 0.43046875 0.5890625 0.0296875 0.06474609375
1 0.48046875 0.7015625 0.041796875 0.041796875
1 0.4125 0.73671875 0.0173828125 0.0669921875
1 0.26015625 0.49921875 0.04365234375 0.04521484375
1 0.22265625 0.6234375 0.03984375 0.041015625
1 0.22421875 0.671875 0.03671875 0.03681640625
0 0.16484375 0.69609375 0.065234375 0.0654296875
0 0.69765625 0.45234375 0.054296875 0.054296875
0 0.9625 0.38359375 0.06181640625 0.03974609375
2 0.45859375 0.94921875 0.0328125 0.09619140625
1 0.41015625 0.9671875 0.028125 0.06318359375
1 0.7 0.50078125 0.0369140625 0.03671875
1 0.7625 0.50703125 0.03857421875 0.03955078125
1 0.81484375 0.52109375 0.03369140625 0.03349609375
1 0.75703125 0.55390625 0.04296875 0.0375
1 0.7078125 0.546875 0.03916015625 0.03818359375
1 0.771875 0.61640625 0.0310546875 0.0302734375
1 0.90078125 0.5390625 0.04208984375 0.03134765625
1 0.85546875 0.4859375 0.04140625 0.0369140625
1 0.90078125 0.4921875 0.0345703125 0.0349609375
0 0.77890625 0.4609375 0.09140625 0.09150390625
1 0.95703125 0.5125 0.04345703125 0.0439453125
1 0.9703125 0.55390625 0.04345703125 0.04404296875