1 0.18203125 0.52265625 0.0421875 0.0423828125
1 0.07890625 0.728125 0.0484375 0.04677734375
1 0.1375 0.6984375 0.0427734375 0.0431640625
1 0.18515625 0.67890625 0.0470703125 0.046875
1 0.13515625 0.64609375 0.04501953125 0.044921875
1 0.2609375 0.58203125 0.04794921875 0.04736328125
1 0.384375 0.528125 0.0419921875 0.0423828125
1 0.4140625 0.4640625 0.044921875 0.044140625
1 0.49140625 0.55078125 0.0375 0.0375
0 0.5453125 0.53203125 0.0400390625 0.04091796875
1 0.33984375 0.65859375 0.0484375 0.04931640625
1 0.4875 0.8828125 0.048828125 0.0494140625
1 0.5171875 0.90625 0.0498046875 0.0498046875
1 0.54609375 0.4859375 0.0375 0.03837890625
1 0.6140625 0.525 0.03759765625 0.0373046875
1 0.59375 0.60546875 0.0328125 0.0341796875
1 0.71875 0.4859375 0.041796875 0.036328125
1 0.9 0.51171875 0.04189453125 0.04189453125
1 0.79375 0.58828125 0.04052734375 0.03447265625
0 0.79453125 0.44140625 0.0525390625 0.0525390625
0 0.96875 0.33828125 0.0619140625 0.04453125
0 0.90703125 0.69609375 0.0955078125 0.0953125
1 0.3859375 0.13828125 0.0251953125 0.06181640625
1 0.409375 0.13359375 0.0509765625 0.05078125
1 0.98125 0.6359375 0.03525390625 0.03515625
1 0.9125 0.59375 0.0416015625 0.04140625