1 0.40546875 0.32578125 0.04208984375 0.04208984375
1 0.42890625 0.28828125 0.04833984375 0.04853515625
1 0.46953125 0.25703125 0.03583984375 0.06474609375
1 0.4296875 0.4640625 0.0458984375 0.0458984375
1 0.46875 0.5109375 0.0466796875 0.04775390625
1 0.43046875 0.63203125 0.0435546875 0.043359375
1 0.4953125 0.62421875 0.0435546875 0.04404296875
1 0.4078125 0.58203125 0.0505859375 0.050390625
1 0.22265625 0.62265625 0.0419921875 0.0419921875
1 0.2234375 0.66953125 0.0443359375 0.044140625
1 0.34453125 0.7078125 0.044921875 0.0447265625
1 0.47734375 0.75234375 0.048046875 0.04794921875
1 0.42578125 0.82890625 0.05 0.0498046875
1 0.5078125 0.96875 0.0376953125 0.0373046875
2 0.4578125 0.9484375 0.0681640625 0.06796875
0 0.51015625 0.39375 0.1513671875 0.1517578125
0 0.778125 0.45859375 0.0841796875 0.084375
0 0.696875 0.45 0.0548828125 0.0544921875
0 0.9609375 0.37890625 0.05283203125 0.05185546875
0 0.1640625 0.69375 0.06328125 0.06328125
1 0.38046875 0.1125 0.0455078125 0.044921875
1 0.69921875 0.4984375 0.041015625 0.0404296875
1 0.70625 0.54453125 0.03798828125 0.03779296875
1 0.75625 0.5515625 0.039453125 0.0326171875
1 0.76171875 0.50546875 0.037890625 0.0380859375
1 0.828125 0.5234375 0.0314453125 0.03125
1 0.8546875 0.4828125 0.0392578125 0.039453125
1 0.9 0.4890625 0.03447265625 0.02822265625
1 0.94140625 0.54609375 0.043359375 0.04326171875