1 0.0796875 0.6515625 0.03828125 0.04296875
1 0.3640625 0.31015625 0.01640625 0.0609375
1 0.39609375 0.34296875 0.01796875 0.06484375
1 0.4109375 0.034375 0.015625 0.06640625
1 0.453125 0.0890625 0.01640625 0.06328125
1 0.47421875 0.22734375 0.015625 0.0640625
1 0.5109375 0.2140625 0.01796875 0.0703125
1 0.425 0.43515625 0.01640625 0.06875
1 0.40625 0.54453125 0.01640625 0.06328125
1 0.47421875 0.49453125 0.0171875 0.06328125
1 0.4125 0.70390625 0.0171875 0.065625
1 0.4328125 0.66171875 0.01640625 0.06484375
1 0.48828125 0.78203125 0.01953125 0.075
1 0.10390625 0.76953125 0.03828125 0.03984375
1 0.15390625 0.74609375 0.03515625 0.03828125
1 0.21484375 0.71875 0.04375 0.03984375
1 0.14296875 0.696875 0.03671875 0.0390625
0 0.05703125 0.74140625 0.11171875 0.09140625
0 0.3140625 0.73046875 0.10390625 0.05078125
0 0.41328125 0.91328125 0.0328125 0.1640625
1 0.4765625 0.94375 0.021875 0.071875
0 0.21484375 0.6609375 0.05234375 0.0515625
1 0.7046875 0.5359375 0.0375 0.03203125
0 0.96953125 0.34453125 0.05859375 0.04296875