0 0.05703125 0.7390625 0.1076171875 0.1080078125
0 0.265625 0.73828125 0.101953125 0.10234375
0 0.39296875 0.496875 0.16044921875 0.16123046875
0 0.50859375 0.584375 0.08603515625 0.25302734375
1 0.4484375 0.0578125 0.0517578125 0.05166015625
1 0.4125 0.121875 0.023046875 0.063671875
1 0.425 0.43984375 0.04501953125 0.04501953125
1 0.36484375 0.315625 0.04326171875 0.04404296875
1 0.13828125 0.69296875 0.0451171875 0.0439453125
0 0.2140625 0.6546875 0.0568359375 0.0572265625
1 0.0296875 0.80546875 0.0451171875 0.0455078125
1 0.1171875 0.75859375 0.041796875 0.0421875
1 0.21640625 0.7125 0.0431640625 0.041796875
1 0.4375 0.853125 0.0580078125 0.056640625
1 0.48671875 0.77421875 0.0388671875 0.0685546875
1 0.51875 0.89453125 0.0544921875 0.0546875
1 0.475 0.94375 0.0267578125 0.069921875
1 0.70390625 0.534375 0.041796875 0.0416015625
1 0.84375 0.64140625 0.04306640625 0.04208984375
0 0.96640625 0.34140625 0.05615234375 0.05703125