1 0.39921875 0.13671875 0.0439453125 0.04375
1 0.47421875 0.42421875 0.02646484375 0.06494140625
1 0.428125 0.33203125 0.040625 0.040625
1 0.3625 0.35703125 0.04375 0.0447265625
1 0.4078125 0.48203125 0.04462890625 0.04453125
1 0.43046875 0.5890625 0.0359375 0.06162109375
1 0.48046875 0.7015625 0.043359375 0.043359375
1 0.4125 0.73671875 0.03134765625 0.06630859375
1 0.26015625 0.49921875 0.0396484375 0.0396484375
1 0.22265625 0.6234375 0.03828125 0.038671875
1 0.22421875 0.671875 0.040625 0.04072265625
0 0.16484375 0.69609375 0.06640625 0.0580078125
0 0.69765625 0.45234375 0.054296875 0.054296875
0 0.9625 0.38359375 0.0568359375 0.0564453125
2 0.45859375 0.94921875 0.062890625 0.06298828125
1 0.41015625 0.9671875 0.02890625 0.0630859375
1 0.7 0.50078125 0.03759765625 0.0375
1 0.7625 0.50703125 0.03935546875 0.03955078125
1 0.81484375 0.52109375 0.03447265625 0.03427734375
1 0.75703125 0.55390625 0.036328125 0.036328125
1 0.7078125 0.546875 0.03369140625 0.03193359375
1 0.771875 0.61640625 0.0314453125 0.0298828125
1 0.90078125 0.5390625 0.04169921875 0.04267578125
1 0.85546875 0.4859375 0.04296875 0.03916015625
1 0.90078125 0.4921875 0.03779296875 0.03798828125
0 0.77890625 0.4609375 0.09296875 0.09306640625
1 0.95703125 0.5125 0.0412109375 0.040625
1 0.9703125 0.55390625 0.05087890625 0.04755859375