1 0.02265625 0.73359375 0.04140625 0.0453125
1 0.03984375 0.77421875 0.03828125 0.04140625
0 0.12734375 0.74140625 0.109375 0.08515625
1 0.1359375 0.68203125 0.03828125 0.03359375
1 0.19296875 0.65703125 0.03828125 0.03984375
1 0.2390625 0.62890625 0.03828125 0.03828125
1 0.22265625 0.69921875 0.03984375 0.040625
1 0.26171875 0.50703125 0.03515625 0.04140625
1 0.3984375 0.3734375 0.01640625 0.06328125
1 0.42265625 0.26328125 0.01640625 0.06640625
0 0.39453125 0.15859375 0.01953125 0.08203125
1 0.47578125 0.06484375 0.01796875 0.06640625
1 0.5203125 0.3109375 0.02734375 0.0640625
1 0.47734375 0.4 0.01640625 0.06484375
1 0.60078125 0.41171875 0.034375 0.03515625
1 0.67734375 0.4359375 0.03828125 0.0296875
1 0.74140625 0.45546875 0.03984375 0.03046875
1 0.7078125 0.4953125 0.03671875 0.0296875
1 0.765625 0.503125 0.03671875 0.028125
1 0.75625 0.546875 0.03984375 0.028125
1 0.69921875 0.5390625 0.03515625 0.02890625
1 0.81953125 0.559375 0.03984375 0.0265625
1 0.83046875 0.51171875 0.03984375 0.02890625
1 0.878125 0.51953125 0.04140625 0.03046875
0 0.9671875 0.36015625 0.05859375 0.040625
1 0.6671875 0.61171875 0.0375 0.02890625
1 0.5734375 0.609375 0.03984375 0.046875
1 0.48203125 0.60703125 0.01796875 0.065625
1 0.43515625 0.66328125 0.01875 0.0765625
1 0.41171875 0.8234375 0.01875 0.06640625
1 0.44296875 0.89453125 0.01796875 0.06875
1 0.4875 0.81171875 0.01796875 0.06640625
1 0.46875 0.9578125 0.01953125 0.0765625