0 0.0875 0.5484375 0.0615234375 0.0619140625
0 0.965625 0.3609375 0.0615234375 0.04453125
1 0.4203125 0.09453125 0.0470703125 0.046875
1 0.3953125 0.165625 0.04599609375 0.04619140625
1 0.4234375 0.29375 0.0169921875 0.0654296875
1 0.40234375 0.33203125 0.02666015625 0.06484375
1 0.49140625 0.390625 0.0291015625 0.062890625
1 0.54609375 0.3765625 0.046875 0.046484375
1 0.6 0.4203125 0.0447265625 0.04443359375
1 0.70625 0.4953125 0.03984375 0.03984375
1 0.6984375 0.53828125 0.03984375 0.0392578125
1 0.83984375 0.559375 0.04287109375 0.03759765625
1 0.82109375 0.5140625 0.036328125 0.0375
1 0.78671875 0.4515625 0.0373046875 0.037109375
1 0.41015625 0.65859375 0.0533203125 0.0533203125
1 0.4328125 0.6015625 0.04619140625 0.04599609375
1 0.4765625 0.60546875 0.0474609375 0.0482421875
1 0.48359375 0.7859375 0.0419921875 0.041015625
1 0.51328125 0.91171875 0.054296875 0.054296875
1 0.4671875 0.95390625 0.04892578125 0.04814453125
1 0.1359375 0.68046875 0.04267578125 0.04248046875
1 0.19296875 0.65546875 0.047265625 0.04736328125
1 0.2390625 0.62734375 0.0470703125 0.04638671875
1 0.221875 0.6984375 0.03994140625 0.03818359375
1 0.2875 0.48984375 0.0458984375 0.0546875
1 0.50546875 0.70703125 0.02734375 0.07099609375