1 0.3390625 0.4359375 0.0388671875 0.06171875
1 0.1953125 0.55703125 0.0474609375 0.05078125
1 0.2390625 0.63203125 0.04482421875 0.04404296875
1 0.4359375 0.6296875 0.0505859375 0.0515625
1 0.48125 0.6609375 0.04677734375 0.046875
1 0.37421875 0.19375 0.0197265625 0.062890625
1 0.5078125 0.22109375 0.0513671875 0.0509765625
1 0.4609375 0.10625 0.03984375 0.0400390625
1 0.7125 0.45078125 0.04052734375 0.02958984375
1 0.709375 0.496875 0.0376953125 0.037890625
1 0.7015625 0.53984375 0.0380859375 0.037890625
1 0.75859375 0.546875 0.040234375 0.04033203125
1 0.8203125 0.56015625 0.0392578125 0.038671875
1 0.834375 0.51328125 0.04091796875 0.04169921875
1 0.88125 0.51953125 0.04130859375 0.0359375
1 0.76796875 0.50390625 0.04365234375 0.0390625
0 0.96875 0.35703125 0.05126953125 0.05205078125
0 0.13359375 0.74140625 0.1234375 0.1119140625
1 0.04609375 0.775 0.044140625 0.04326171875
1 0.07734375 0.7125 0.0494140625 0.050390625
1 0.13515625 0.68671875 0.0427734375 0.042578125
1 0.19296875 0.66015625 0.04619140625 0.04853515625
1 0.22265625 0.703125 0.041796875 0.0408203125
1 0.4140625 0.76953125 0.02802734375 0.07421875
1 0.4921875 0.8515625 0.0263671875 0.072265625
1 0.44765625 0.9265625 0.02431640625 0.0728515625
1 0.46875 0.9578125 0.034375 0.07177734375