0 0.49375 0.31484375 0.1654296875 0.164453125
0 0.18671875 0.68828125 0.11796875 0.09921875
0 0.4625 0.91640625 0.06875 0.1576171875
0 0.4046875 0.7125 0.06884765625 0.0685546875
0 0.9609375 0.36171875 0.0556640625 0.055859375
0 0.88046875 0.478125 0.07734375 0.0775390625
1 0.08515625 0.72578125 0.0380859375 0.0384765625
1 0.1671875 0.64140625 0.0392578125 0.0384765625
1 0.221875 0.615625 0.04287109375 0.04296875
1 0.13984375 0.55 0.04853515625 0.05068359375
1 0.421875 0.4984375 0.0201171875 0.0630859375
1 0.49609375 0.56953125 0.04453125 0.0443359375
1 0.4609375 0.271875 0.0435546875 0.04375
1 0.40390625 0.28828125 0.05009765625 0.04990234375
1 0.50703125 0.77578125 0.0328125 0.0640625
1 0.7015625 0.4828125 0.0404296875 0.0408203125
1 0.76328125 0.49140625 0.0423828125 0.0423828125
1 0.82734375 0.51015625 0.03603515625 0.028125
1 0.896875 0.528125 0.04287109375 0.04306640625