0 0.49375 0.31484375 0.16875 0.168359375
0 0.18671875 0.68828125 0.11953125 0.1046875
0 0.4625 0.91640625 0.115234375 0.1150390625
0 0.4046875 0.7125 0.0642578125 0.063671875
0 0.9609375 0.36171875 0.0615234375 0.04140625
0 0.88046875 0.478125 0.05703125 0.0806640625
1 0.08515625 0.72578125 0.0412109375 0.0416015625
1 0.1671875 0.64140625 0.0447265625 0.0431640625
1 0.221875 0.615625 0.04130859375 0.0390625
1 0.13984375 0.55 0.04853515625 0.05068359375
1 0.421875 0.4984375 0.0341796875 0.0591796875
1 0.49609375 0.56953125 0.0203125 0.06162109375
1 0.4609375 0.271875 0.0451171875 0.0453125
1 0.40390625 0.28828125 0.05087890625 0.05068359375
1 0.50703125 0.77578125 0.0453125 0.0453125
1 0.7015625 0.4828125 0.0357421875 0.0361328125
1 0.76328125 0.49140625 0.0392578125 0.0392578125
1 0.82734375 0.51015625 0.0408203125 0.0359375
1 0.896875 0.528125 0.04521484375 0.03994140625