0 0.40625 0.61640625 0.109375 0.23037109375
0 0.1859375 0.6859375 0.094140625 0.0939453125
0 0.46171875 0.90078125 0.04462890625 0.19453125
0 0.86015625 0.5203125 0.07841796875 0.07783203125
0 0.9609375 0.3546875 0.0638671875 0.04296875
1 0.7828125 0.6328125 0.0431640625 0.0388671875
1 0.72421875 0.53125 0.03857421875 0.0376953125
1 0.70234375 0.478125 0.03359375 0.03447265625
1 0.7625 0.48828125 0.0427734375 0.0423828125
1 0.8140625 0.503125 0.044921875 0.0388671875
1 0.8984375 0.52265625 0.04111328125 0.04091796875
1 0.94140625 0.48125 0.04296875 0.0392578125
1 0.1671875 0.64140625 0.038671875 0.038671875
1 0.22109375 0.6140625 0.0421875 0.04140625
1 0.084375 0.72890625 0.0384765625 0.0375
1 0.028125 0.76171875 0.0443359375 0.0431640625
1 0.36875 0.1125 0.04130859375 0.04140625
1 0.39609375 0.1046875 0.05185546875 0.0509765625
1 0.41796875 0.08125 0.0486328125 0.048828125