1 0.42890625 0.46171875 0.04150390625 0.04150390625
1 0.46875 0.51484375 0.0396484375 0.06484375
1 0.4078125 0.58046875 0.0458984375 0.046875
1 0.43125 0.62890625 0.053515625 0.0537109375
1 0.4953125 0.62734375 0.049609375 0.049609375
1 0.40546875 0.32421875 0.040625 0.040625
1 0.42890625 0.28671875 0.03671875 0.0611328125
1 0.46953125 0.2609375 0.046875 0.0466796875
1 0.38046875 0.10859375 0.04228515625 0.04228515625
1 0.7 0.49765625 0.0423828125 0.0416015625
1 0.76171875 0.50546875 0.037890625 0.0376953125
1 0.70703125 0.54453125 0.03837890625 0.03291015625
1 0.75703125 0.55234375 0.0365234375 0.0365234375
1 0.85390625 0.48203125 0.0380859375 0.0384765625
1 0.9 0.490625 0.0392578125 0.0380859375
1 0.8296875 0.5234375 0.03740234375 0.03828125
1 0.9421875 0.54609375 0.0419921875 0.0349609375
0 0.9609375 0.38046875 0.06708984375 0.04990234375
0 0.696875 0.45078125 0.05439453125 0.05439453125
0 0.1640625 0.69375 0.06396484375 0.0640625
1 0.22265625 0.621875 0.04453125 0.0443359375
1 0.2234375 0.6703125 0.0421875 0.04306640625
1 0.34453125 0.70859375 0.04296875 0.04609375
1 0.42578125 0.82578125 0.04853515625 0.04755859375
1 0.4765625 0.75625 0.04912109375 0.04931640625
0 0.5109375 0.3953125 0.166015625 0.165234375
2 0.459375 0.9484375 0.06728515625 0.06552734375
1 0.50703125 0.96953125 0.04365234375 0.04365234375
0 0.77890625 0.459375 0.0998046875 0.0625