1 0.0796875 0.6515625 0.04150390625 0.04677734375
1 0.3640625 0.31015625 0.0458984375 0.045703125
1 0.39609375 0.34296875 0.02041015625 0.06416015625
1 0.4109375 0.034375 0.04765625 0.04775390625
1 0.453125 0.0890625 0.02587890625 0.06337890625
1 0.47421875 0.22734375 0.046484375 0.046484375
1 0.5109375 0.2140625 0.0279296875 0.072265625
1 0.425 0.43515625 0.02900390625 0.06875
1 0.40625 0.54453125 0.04189453125 0.04091796875
1 0.47421875 0.49453125 0.0484375 0.0482421875
1 0.4125 0.70390625 0.0255859375 0.06640625
1 0.4328125 0.66171875 0.0451171875 0.0451171875
1 0.48828125 0.78203125 0.05654296875 0.056640625
1 0.10390625 0.76953125 0.0443359375 0.0447265625
1 0.15390625 0.74609375 0.0419921875 0.0443359375
1 0.21484375 0.71875 0.0453125 0.04208984375
1 0.14296875 0.696875 0.04267578125 0.0435546875
0 0.06015625 0.740625 0.1203125 0.115625
0 0.3140625 0.73046875 0.1064453125 0.0802734375
0 0.41328125 0.91328125 0.08359375 0.153125
1 0.4765625 0.94375 0.0390625 0.071875
0 0.21484375 0.6609375 0.05712890625 0.0576171875
1 0.7046875 0.5359375 0.04140625 0.03681640625
0 0.96953125 0.34453125 0.0572265625 0.0572265625