0 0.40625 0.61640625 0.180078125 0.1806640625
0 0.1859375 0.6859375 0.1087890625 0.10869140625
0 0.46171875 0.90078125 0.12705078125 0.126953125
0 0.86015625 0.5203125 0.07529296875 0.07548828125
0 0.9609375 0.3546875 0.0615234375 0.06171875
1 0.7828125 0.6328125 0.0392578125 0.0388671875
1 0.72421875 0.53125 0.0458984375 0.044921875
1 0.70234375 0.478125 0.0390625 0.0392578125
1 0.7625 0.48828125 0.0419921875 0.0408203125
1 0.8140625 0.503125 0.044921875 0.0380859375
1 0.8984375 0.52265625 0.04306640625 0.03974609375
1 0.94140625 0.48125 0.03828125 0.0384765625
1 0.1671875 0.64140625 0.040625 0.03984375
1 0.22109375 0.6140625 0.041796875 0.041796875
1 0.084375 0.72890625 0.040234375 0.0390625
1 0.028125 0.76171875 0.0376953125 0.0419921875
1 0.36875 0.1125 0.03037109375 0.06484375
1 0.39609375 0.1046875 0.0533203125 0.053125
1 0.41796875 0.08125 0.0478515625 0.048046875