0 0.0875 0.5484375 0.05546875 0.05078125
0 0.965625 0.3609375 0.05859375 0.040625
1 0.4203125 0.09453125 0.0171875 0.071875
1 0.3953125 0.165625 0.01796875 0.06015625
1 0.4234375 0.29375 0.01484375 0.06484375
1 0.40234375 0.33203125 0.01796875 0.0640625
1 0.49140625 0.390625 0.01796875 0.0640625
1 0.54609375 0.3765625 0.034375 0.0515625
1 0.6 0.4203125 0.0390625 0.03671875
1 0.70625 0.4953125 0.0375 0.03125
1 0.6984375 0.53828125 0.0359375 0.02890625
1 0.83984375 0.559375 0.03828125 0.02890625
1 0.82109375 0.5140625 0.0390625 0.0296875
1 0.78671875 0.4515625 0.03671875 0.028125
1 0.41015625 0.65859375 0.01796875 0.07109375
1 0.4328125 0.6015625 0.01640625 0.06171875
1 0.4765625 0.60546875 0.01640625 0.06796875
1 0.48359375 0.7859375 0.01796875 0.065625
1 0.51328125 0.91171875 0.01875 0.0703125
1 0.4671875 0.95390625 0.01953125 0.07421875
1 0.1359375 0.68046875 0.03828125 0.03515625
1 0.19296875 0.65546875 0.0375 0.04296875
1 0.2390625 0.62734375 0.0390625 0.03828125
1 0.221875 0.6984375 0.03828125 0.03984375
1 0.2875 0.48984375 0.03359375 0.05
1 0.50546875 0.70703125 0.01875 0.06953125