0 0.40625 0.61640625 0.1 0.22578125
0 0.1859375 0.6859375 0.1046875 0.08203125
0 0.46171875 0.90078125 0.03046875 0.19375
0 0.86015625 0.5203125 0.04765625 0.08515625
0 0.9609375 0.3546875 0.06171875 0.040625
1 0.7828125 0.6328125 0.03828125 0.03046875
1 0.72421875 0.53125 0.03828125 0.0359375
1 0.70234375 0.478125 0.0375 0.02890625
1 0.7625 0.48828125 0.04140625 0.03203125
1 0.8140625 0.503125 0.0390625 0.03046875
1 0.8984375 0.52265625 0.03828125 0.03203125
1 0.94140625 0.48125 0.0375 0.03203125
1 0.1671875 0.64140625 0.0375 0.0359375
1 0.22109375 0.6140625 0.0359375 0.034375
1 0.084375 0.72890625 0.0390625 0.034375
1 0.028125 0.76171875 0.03828125 0.04140625
1 0.36875 0.1125 0.01484375 0.065625
1 0.39609375 0.1046875 0.01640625 0.0703125
1 0.41796875 0.08125 0.01640625 0.065625