0 0.0875 0.5484375 0.06552734375 0.06181640625
0 0.965625 0.3609375 0.06083984375 0.04296875
1 0.4203125 0.09453125 0.0376953125 0.0671875
1 0.3953125 0.165625 0.02333984375 0.06025390625
1 0.4234375 0.29375 0.04755859375 0.04755859375
1 0.40234375 0.33203125 0.0494140625 0.04921875
1 0.49140625 0.390625 0.04580078125 0.0466796875
1 0.54609375 0.3765625 0.0390625 0.0552734375
1 0.6 0.4203125 0.0439453125 0.04365234375
1 0.70625 0.4953125 0.040625 0.040625
1 0.6984375 0.53828125 0.0341796875 0.03466796875
1 0.83984375 0.559375 0.0412109375 0.0314453125
1 0.82109375 0.5140625 0.036328125 0.0373046875
1 0.78671875 0.4515625 0.03720703125 0.037109375
1 0.41015625 0.65859375 0.0298828125 0.0705078125
1 0.4328125 0.6015625 0.03994140625 0.03818359375
1 0.4765625 0.60546875 0.0337890625 0.0650390625
1 0.48359375 0.7859375 0.04970703125 0.048828125
1 0.51328125 0.91171875 0.02265625 0.07109375
1 0.4671875 0.95390625 0.02119140625 0.07353515625
1 0.1359375 0.68046875 0.0439453125 0.0427734375
1 0.19296875 0.65546875 0.046484375 0.0466796875
1 0.2390625 0.62734375 0.0462890625 0.04638671875
1 0.221875 0.6984375 0.04462890625 0.04677734375
1 0.2875 0.48984375 0.04833984375 0.04921875
1 0.50546875 0.70703125 0.053515625 0.0533203125