0 0.05703125 0.7390625 0.10859375 0.09609375
0 0.265625 0.73828125 0.1046875 0.08125
0 0.39296875 0.496875 0.03203125 0.26484375
0 0.50859375 0.584375 0.02734375 0.26171875
1 0.4484375 0.0578125 0.0171875 0.06953125
1 0.4125 0.121875 0.0171875 0.0640625
1 0.425 0.43984375 0.01640625 0.06484375
1 0.36484375 0.315625 0.01640625 0.06796875
1 0.13828125 0.69296875 0.03828125 0.03671875
0 0.2140625 0.6546875 0.05234375 0.05390625
1 0.0296875 0.80546875 0.03515625 0.04140625
1 0.1171875 0.75859375 0.0359375 0.0359375
1 0.21640625 0.7125 0.03984375 0.0359375
1 0.4375 0.853125 0.02265625 0.0796875
1 0.48671875 0.77421875 0.01953125 0.06953125
1 0.51875 0.89453125 0.01796875 0.075
1 0.475 0.94375 0.01953125 0.0703125
1 0.70390625 0.534375 0.0359375 0.03359375
1 0.84375 0.64140625 0.03828125 0.03515625
0 0.96640625 0.34140625 0.06328125 0.0484375