1 0.3390625 0.4359375 0.03359375 0.059375
1 0.1953125 0.55703125 0.04296875 0.046875
1 0.2390625 0.63203125 0.03984375 0.03828125
1 0.4359375 0.6296875 0.0203125 0.06875
1 0.48125 0.6609375 0.01796875 0.059375
1 0.37421875 0.19375 0.01484375 0.0640625
1 0.5078125 0.22109375 0.01953125 0.06640625
1 0.4609375 0.10625 0.015625 0.06015625
1 0.7125 0.45078125 0.03984375 0.02890625
1 0.709375 0.496875 0.03828125 0.0265625
1 0.7015625 0.53984375 0.0359375 0.0296875
1 0.75859375 0.546875 0.0390625 0.02890625
1 0.8203125 0.56015625 0.03671875 0.0296875
1 0.834375 0.51328125 0.03984375 0.03515625
1 0.88125 0.51953125 0.03984375 0.034375
1 0.76796875 0.50390625 0.03828125 0.0296875
0 0.96875 0.35703125 0.06015625 0.04296875
0 0.13359375 0.74140625 0.109375 0.08671875
1 0.04609375 0.775 0.0390625 0.03671875
1 0.07734375 0.7125 0.04140625 0.04375
1 0.13515625 0.68671875 0.03671875 0.034375
1 0.19296875 0.66015625 0.03984375 0.04296875
1 0.22265625 0.703125 0.0390625 0.04296875
1 0.4140625 0.76953125 0.01796875 0.0734375
1 0.4921875 0.8515625 0.01796875 0.0703125
1 0.44765625 0.9265625 0.01796875 0.0734375
1 0.46875 0.9578125 0.01875 0.07109375