1 0.42890625 0.46171875 0.03447265625 0.06259765625
1 0.46875 0.51484375 0.049609375 0.05
1 0.4078125 0.58046875 0.03818359375 0.06953125
1 0.43125 0.62890625 0.053515625 0.0537109375
1 0.4953125 0.62734375 0.01875 0.0640625
1 0.40546875 0.32421875 0.0484375 0.0484375
1 0.42890625 0.28671875 0.01875 0.06416015625
1 0.46953125 0.2609375 0.0484375 0.04833984375
1 0.38046875 0.10859375 0.0494140625 0.0494140625
1 0.7 0.49765625 0.04091796875 0.04013671875
1 0.76171875 0.50546875 0.039453125 0.0392578125
1 0.70703125 0.54453125 0.03837890625 0.03837890625
1 0.75703125 0.55234375 0.04287109375 0.04287109375
1 0.85390625 0.48203125 0.0388671875 0.0330078125
1 0.9 0.490625 0.0369140625 0.0333984375
1 0.8296875 0.5234375 0.0388671875 0.0375
1 0.9421875 0.54609375 0.04404296875 0.04404296875
0 0.9609375 0.38046875 0.06552734375 0.04208984375
0 0.696875 0.45078125 0.0572265625 0.0376953125
0 0.1640625 0.69375 0.05615234375 0.05625
1 0.22265625 0.621875 0.04375 0.04365234375
1 0.2234375 0.6703125 0.04296875 0.04306640625
1 0.34453125 0.70859375 0.0375 0.040625
1 0.42578125 0.82578125 0.0369140625 0.0669921875
1 0.4765625 0.75625 0.05068359375 0.05087890625
0 0.5109375 0.3953125 0.156640625 0.155859375
2 0.459375 0.9484375 0.06728515625 0.06630859375
1 0.50703125 0.96953125 0.0427734375 0.0427734375
0 0.77890625 0.459375 0.0939453125 0.093359375