1 0.40546875 0.32578125 0.01640625 0.06328125
1 0.42890625 0.28828125 0.01640625 0.06484375
1 0.46953125 0.25703125 0.01640625 0.06640625
1 0.4296875 0.4640625 0.01484375 0.06796875
1 0.46875 0.5109375 0.0171875 0.06640625
1 0.43046875 0.63203125 0.01484375 0.065625
1 0.4953125 0.62421875 0.0171875 0.06015625
1 0.4078125 0.58203125 0.01640625 0.0703125
1 0.22265625 0.62265625 0.03828125 0.03828125
1 0.2234375 0.66953125 0.03828125 0.0359375
1 0.34453125 0.7078125 0.0359375 0.03984375
1 0.47734375 0.75234375 0.01875 0.06953125
1 0.42578125 0.82890625 0.0171875 0.06640625
1 0.5078125 0.96875 0.01640625 0.05859375
2 0.4578125 0.9484375 0.02578125 0.1
0 0.51015625 0.39375 0.02421875 0.24921875
0 0.778125 0.45859375 0.0984375 0.05625
0 0.696875 0.45 0.05703125 0.03671875
0 0.9609375 0.37890625 0.06015625 0.03828125
0 0.1640625 0.69375 0.059375 0.046875
1 0.38046875 0.1125 0.01640625 0.065625
1 0.69921875 0.4984375 0.0390625 0.03203125
1 0.70625 0.54453125 0.03515625 0.02890625
1 0.75625 0.5515625 0.0390625 0.03046875
1 0.76171875 0.50546875 0.0375 0.03046875
1 0.828125 0.5234375 0.03203125 0.03125
1 0.8546875 0.4828125 0.03828125 0.0359375
1 0.9 0.4890625 0.03515625 0.02890625
1 0.94140625 0.54609375 0.040625 0.03515625