1 0.02265625 0.73359375 0.0443359375 0.0453125
1 0.03984375 0.77421875 0.04130859375 0.04130859375
0 0.12734375 0.74140625 0.116015625 0.11591796875
1 0.1359375 0.68203125 0.0404296875 0.0412109375
1 0.19296875 0.65703125 0.0435546875 0.0439453125
1 0.2390625 0.62890625 0.0392578125 0.0396484375
1 0.22265625 0.69921875 0.0412109375 0.041015625
1 0.26171875 0.50703125 0.0404296875 0.0404296875
1 0.3984375 0.3734375 0.0462890625 0.0462890625
1 0.42265625 0.26328125 0.0208984375 0.0677734375
0 0.39453125 0.15859375 0.05302734375 0.05302734375
1 0.47578125 0.06484375 0.05009765625 0.04990234375
1 0.5203125 0.3109375 0.0294921875 0.066015625
1 0.47734375 0.4 0.0447265625 0.0439453125
1 0.60078125 0.41171875 0.041015625 0.0408203125
1 0.67734375 0.4359375 0.0427734375 0.036328125
1 0.74140625 0.45546875 0.0392578125 0.0392578125
1 0.7078125 0.4953125 0.03662109375 0.0376953125
1 0.765625 0.503125 0.0373046875 0.0375
1 0.75625 0.546875 0.04052734375 0.040625
1 0.69921875 0.5390625 0.03623046875 0.03564453125
1 0.81953125 0.559375 0.03486328125 0.0349609375
1 0.83046875 0.51171875 0.03916015625 0.02958984375
1 0.878125 0.51953125 0.0419921875 0.0419921875
0 0.9671875 0.36015625 0.0646484375 0.05546875
1 0.6671875 0.61171875 0.035546875 0.0345703125
1 0.5734375 0.609375 0.0451171875 0.05078125
1 0.48203125 0.60703125 0.0345703125 0.0640625
1 0.43515625 0.66328125 0.057421875 0.057421875
1 0.41171875 0.8234375 0.05078125 0.05087890625
1 0.44296875 0.89453125 0.03447265625 0.0671875
1 0.4875 0.81171875 0.0447265625 0.0439453125
1 0.46875 0.9578125 0.0197265625 0.077734375