0 0.05859375 0.73828125 0.1171875 0.1234375
0 0.265625 0.73828125 0.101171875 0.1015625
0 0.39296875 0.496875 0.15107421875 0.15185546875
0 0.50859375 0.584375 0.16845703125 0.16826171875
1 0.4484375 0.0578125 0.0501953125 0.05009765625
1 0.4125 0.121875 0.027734375 0.063671875
1 0.425 0.43984375 0.0474609375 0.0474609375
1 0.36484375 0.315625 0.0509765625 0.0509765625
1 0.13828125 0.69296875 0.04287109375 0.04072265625
0 0.2140625 0.6546875 0.05380859375 0.05400390625
1 0.0296875 0.80546875 0.0427734375 0.0431640625
1 0.1171875 0.75859375 0.0421875 0.041796875
1 0.21640625 0.7125 0.0443359375 0.04296875
1 0.4375 0.853125 0.03134765625 0.0818359375
1 0.48671875 0.77421875 0.04833984375 0.04833984375
1 0.51875 0.89453125 0.05224609375 0.05234375
1 0.475 0.94375 0.0197265625 0.069140625
1 0.70390625 0.534375 0.0421875 0.0412109375
1 0.84375 0.64140625 0.04345703125 0.04326171875
0 0.96640625 0.34140625 0.05615234375 0.05703125