1 0.42890625 0.46171875 0.01484375 0.06796875
1 0.46875 0.51484375 0.0171875 0.06875
1 0.4078125 0.58046875 0.01796875 0.071875
1 0.43125 0.62890625 0.01875 0.07109375
1 0.4953125 0.62734375 0.01875 0.0640625
1 0.40546875 0.32421875 0.015625 0.065625
1 0.42890625 0.28671875 0.0171875 0.06484375
1 0.46953125 0.2609375 0.015625 0.06796875
1 0.38046875 0.10859375 0.01796875 0.06796875
1 0.7 0.49765625 0.03984375 0.03203125
1 0.76171875 0.50546875 0.0375 0.03203125
1 0.70703125 0.54453125 0.03671875 0.03046875
1 0.75703125 0.55234375 0.03828125 0.03203125
1 0.85390625 0.48203125 0.03828125 0.03359375
1 0.9 0.490625 0.03515625 0.03046875
1 0.8296875 0.5234375 0.03359375 0.03125
1 0.9421875 0.54609375 0.03984375 0.03203125
0 0.9609375 0.38046875 0.06171875 0.03515625
0 0.696875 0.45078125 0.05703125 0.03671875
0 0.1640625 0.69375 0.05859375 0.046875
1 0.22265625 0.621875 0.0375 0.03671875
1 0.2234375 0.6703125 0.0375 0.03515625
1 0.34453125 0.70859375 0.0375 0.040625
1 0.42578125 0.82578125 0.01796875 0.06953125
1 0.4765625 0.75625 0.01796875 0.06953125
0 0.5109375 0.3953125 0.0234375 0.2515625
2 0.459375 0.9484375 0.02265625 0.09921875
1 0.50703125 0.96953125 0.01640625 0.05703125
0 0.77890625 0.459375 0.09765625 0.059375