1 0.18203125 0.52265625 0.0390625 0.03984375
1 0.07890625 0.728125 0.0421875 0.03984375
1 0.1375 0.6984375 0.0359375 0.0359375
1 0.18515625 0.67890625 0.03984375 0.0390625
1 0.13515625 0.64609375 0.03984375 0.040625
1 0.2609375 0.58203125 0.03984375 0.03984375
1 0.384375 0.528125 0.0359375 0.0390625
1 0.4140625 0.4640625 0.0421875 0.0390625
1 0.49140625 0.55078125 0.0359375 0.0359375
0 0.5453125 0.53203125 0.0390625 0.03515625
1 0.33984375 0.65859375 0.040625 0.04296875
1 0.4875 0.8828125 0.0171875 0.06953125
1 0.5171875 0.90625 0.01796875 0.06796875
1 0.54609375 0.4859375 0.040625 0.02578125
1 0.6140625 0.525 0.03828125 0.0296875
1 0.59375 0.60546875 0.0359375 0.03046875
1 0.71875 0.4859375 0.0390625 0.0265625
1 0.9 0.51171875 0.04140625 0.03046875
1 0.79375 0.58828125 0.03671875 0.03046875
0 0.79453125 0.44140625 0.05859375 0.03359375
0 0.96875 0.33828125 0.06015625 0.040625
0 0.90703125 0.69609375 0.10859375 0.0703125
1 0.3859375 0.13828125 0.0171875 0.06171875
1 0.409375 0.13359375 0.01640625 0.06875
1 0.98125 0.6359375 0.03515625 0.034375
1 0.9125 0.59375 0.04140625 0.034375