1 0.0796875 0.6515625 0.04306640625 0.04833984375
1 0.3640625 0.31015625 0.0388671875 0.039453125
1 0.39609375 0.34296875 0.04384765625 0.04384765625
1 0.4109375 0.034375 0.03359375 0.0634765625
1 0.453125 0.0890625 0.0330078125 0.0603515625
1 0.47421875 0.22734375 0.034375 0.0609375
1 0.5109375 0.2140625 0.0443359375 0.044140625
1 0.425 0.43515625 0.0486328125 0.04765625
1 0.40625 0.54453125 0.02197265625 0.06474609375
1 0.47421875 0.49453125 0.04765625 0.04677734375
1 0.4125 0.70390625 0.0412109375 0.0421875
1 0.4328125 0.66171875 0.02197265625 0.06494140625
1 0.48828125 0.78203125 0.03271484375 0.07578125
1 0.10390625 0.76953125 0.0466796875 0.0470703125
1 0.15390625 0.74609375 0.04208984375 0.04443359375
1 0.21484375 0.71875 0.04765625 0.0451171875
1 0.14296875 0.696875 0.0435546875 0.04453125
0 0.05703125 0.74140625 0.11103515625 0.11083984375
0 0.3140625 0.73046875 0.0787109375 0.0775390625
0 0.41328125 0.91328125 0.0640625 0.16328125
1 0.4765625 0.94375 0.05546875 0.05546875
0 0.21484375 0.6609375 0.06181640625 0.0623046875
1 0.7046875 0.5359375 0.04296875 0.0392578125
0 0.96796875 0.34375 0.0640625 0.053125