1 0.40546875 0.32578125 0.0451171875 0.0451171875
1 0.42890625 0.28828125 0.0333984375 0.0626953125
1 0.46953125 0.25703125 0.0427734375 0.0427734375
1 0.4296875 0.4640625 0.0458984375 0.0458984375
1 0.46875 0.5109375 0.037890625 0.0626953125
1 0.43046875 0.63203125 0.0466796875 0.046484375
1 0.4953125 0.62421875 0.046875 0.0462890625
1 0.4078125 0.58203125 0.0306640625 0.06953125
1 0.22265625 0.62265625 0.0451171875 0.0451171875
1 0.2234375 0.66953125 0.0416015625 0.03984375
1 0.34453125 0.7078125 0.044140625 0.04404296875
1 0.47734375 0.75234375 0.045703125 0.04560546875
1 0.42578125 0.82890625 0.04921875 0.04912109375
1 0.5078125 0.96875 0.04306640625 0.04287109375
2 0.4578125 0.9484375 0.0720703125 0.071875
0 0.51015625 0.39375 0.16376953125 0.16357421875
0 0.778125 0.45859375 0.092578125 0.09296875
0 0.696875 0.45 0.06025390625 0.04443359375
0 0.9609375 0.37890625 0.05830078125 0.05732421875
0 0.1640625 0.69375 0.05703125 0.05703125
1 0.38046875 0.1125 0.0455078125 0.045703125
1 0.69921875 0.4984375 0.04375 0.0384765625
1 0.70625 0.54453125 0.0373046875 0.0369140625
1 0.75625 0.5515625 0.038671875 0.0380859375
1 0.76171875 0.50546875 0.037890625 0.0380859375
1 0.828125 0.5234375 0.03603515625 0.0359375
1 0.8546875 0.4828125 0.0439453125 0.042578125
1 0.9 0.4890625 0.03291015625 0.03291015625
1 0.94140625 0.54609375 0.046484375 0.04638671875