1 0.02265625 0.7328125 0.0453125 0.05
1 0.03984375 0.77421875 0.0396484375 0.0427734375
0 0.12734375 0.74140625 0.107421875 0.1072265625
1 0.1359375 0.68203125 0.0365234375 0.0373046875
1 0.19296875 0.65703125 0.0388671875 0.0392578125
1 0.2390625 0.62890625 0.0451171875 0.0447265625
1 0.22265625 0.69921875 0.0474609375 0.047265625
1 0.26171875 0.50703125 0.0419921875 0.0474609375
1 0.3984375 0.3734375 0.0478515625 0.0478515625
1 0.42265625 0.26328125 0.0349609375 0.0646484375
0 0.39453125 0.15859375 0.0583984375 0.0583984375
1 0.47578125 0.06484375 0.0509765625 0.0505859375
1 0.5203125 0.3109375 0.0505859375 0.050390625
1 0.47734375 0.4 0.01787109375 0.06552734375
1 0.60078125 0.41171875 0.041015625 0.04091796875
1 0.67734375 0.4359375 0.03935546875 0.0396484375
1 0.74140625 0.45546875 0.0439453125 0.0376953125
1 0.7078125 0.4953125 0.03583984375 0.0369140625
1 0.765625 0.503125 0.0341796875 0.034375
1 0.75625 0.546875 0.03896484375 0.0390625
1 0.69921875 0.5390625 0.0396484375 0.0345703125
1 0.81953125 0.559375 0.0365234375 0.0359375
1 0.83046875 0.51171875 0.03837890625 0.03740234375
1 0.878125 0.51953125 0.03720703125 0.03798828125
0 0.9671875 0.36015625 0.06162109375 0.0453125
1 0.6671875 0.61171875 0.038671875 0.0384765625
1 0.5734375 0.609375 0.0513671875 0.0515625
1 0.48203125 0.60703125 0.04345703125 0.043359375
1 0.43515625 0.66328125 0.057421875 0.057421875
1 0.41171875 0.8234375 0.01953125 0.06572265625
1 0.44296875 0.89453125 0.04814453125 0.048046875
1 0.4875 0.81171875 0.04404296875 0.04326171875
1 0.46875 0.9578125 0.0564453125 0.055078125