1 0.39921875 0.13671875 0.01484375 0.0640625
1 0.47421875 0.42421875 0.01640625 0.06484375
1 0.428125 0.33203125 0.015625 0.05625
1 0.3625 0.35703125 0.0234375 0.06328125
1 0.4078125 0.48203125 0.01640625 0.059375
1 0.43046875 0.5890625 0.015625 0.06484375
1 0.48046875 0.7015625 0.0171875 0.05625
1 0.4125 0.73671875 0.01640625 0.06640625
1 0.26015625 0.49921875 0.03515625 0.03828125
1 0.22265625 0.6234375 0.0375 0.0359375
1 0.22421875 0.671875 0.0375 0.03203125
0 0.16484375 0.69609375 0.059375 0.04921875
0 0.69765625 0.45234375 0.05625 0.0359375
0 0.9625 0.38359375 0.06015625 0.03515625
2 0.45859375 0.94921875 0.028125 0.09609375
1 0.41015625 0.9671875 0.0171875 0.06171875
1 0.7 0.50078125 0.03828125 0.03125
1 0.7625 0.50703125 0.03671875 0.03359375
1 0.81484375 0.52109375 0.03359375 0.03203125
1 0.75703125 0.55390625 0.0390625 0.03125
1 0.7078125 0.546875 0.03515625 0.03046875
1 0.771875 0.61640625 0.03203125 0.03046875
1 0.90078125 0.5390625 0.04140625 0.03203125
1 0.85546875 0.4859375 0.0375 0.03203125
1 0.90078125 0.4921875 0.03515625 0.02890625
0 0.77890625 0.4609375 0.1 0.05703125
1 0.95703125 0.5125 0.03671875 0.0359375
1 0.9703125 0.55390625 0.04453125 0.03828125