1 0.18203125 0.52265625 0.0421875 0.0423828125
1 0.07890625 0.728125 0.0484375 0.0466796875
1 0.1375 0.6984375 0.041796875 0.042578125
1 0.18515625 0.67890625 0.04306640625 0.04296875
1 0.13515625 0.64609375 0.0474609375 0.047265625
1 0.2609375 0.58203125 0.0470703125 0.0474609375
1 0.384375 0.528125 0.0435546875 0.0439453125
1 0.4140625 0.4640625 0.043359375 0.042578125
1 0.49140625 0.55078125 0.03984375 0.03984375
0 0.5453125 0.53203125 0.0447265625 0.04560546875
1 0.33984375 0.65859375 0.048828125 0.0490234375
1 0.4875 0.8828125 0.032421875 0.0689453125
1 0.5171875 0.90625 0.0302734375 0.0693359375
1 0.54609375 0.4859375 0.04375 0.03212890625
1 0.6140625 0.525 0.0400390625 0.039453125
1 0.59375 0.60546875 0.03515625 0.0365234375
1 0.71875 0.4859375 0.041796875 0.036328125
1 0.9 0.51171875 0.03720703125 0.03798828125
1 0.79375 0.58828125 0.04208984375 0.03759765625
0 0.79453125 0.44140625 0.0611328125 0.0408203125
0 0.96875 0.33828125 0.05556640625 0.05546875
0 0.90703125 0.69609375 0.1064453125 0.10625
1 0.3859375 0.13828125 0.0427734375 0.04345703125
1 0.409375 0.13359375 0.04541015625 0.04453125
1 0.98046875 0.63515625 0.0390625 0.0390625
1 0.9125 0.59375 0.0439453125 0.04375