1 0.078125 0.328125 0.033203125 0.0328125
1 0.1296875 0.30859375 0.02890625 0.02890625
1 0.29453125 0.30703125 0.028125 0.0234375
1 0.38359375 0.3359375 0.02705078125 0.026953125
1 0.4515625 0.38203125 0.031640625 0.03251953125
1 0.425 0.55 0.037109375 0.037109375
1 0.38359375 0.51640625 0.0345703125 0.034375
1 0.36875 0.47578125 0.03603515625 0.0359375
1 0.32421875 0.475 0.0357421875 0.02890625
1 0.275 0.4765625 0.03212890625 0.02587890625
1 0.2296875 0.4796875 0.0341796875 0.0345703125
1 0.18671875 0.48046875 0.03505859375 0.03505859375
1 0.2046875 0.51875 0.0349609375 0.035546875
1 0.25859375 0.51796875 0.03828125 0.03427734375
1 0.303125 0.50859375 0.03369140625 0.03359375
1 0.3484375 0.50859375 0.0310546875 0.03125
0 0.67421875 0.36484375 0.1015625 0.06640625
1 0.84296875 0.29453125 0.0337890625 0.0296875
1 0.84296875 0.49609375 0.030078125 0.030078125
1 0.4890625 0.78828125 0.04482421875 0.04482421875
1 0.490625 0.6984375 0.04052734375 0.04150390625
0 0.14296875 0.5171875 0.04267578125 0.04326171875