0 0.57421875 0.7359375 0.04189453125 0.041796875
0 0.54609375 0.928125 0.0443359375 0.0453125
1 0.66171875 0.9 0.0203125 0.03505859375
1 0.6625 0.8203125 0.0263671875 0.02646484375
1 0.64609375 0.7828125 0.0134765625 0.033984375
1 0.646875 0.70234375 0.0193359375 0.0193359375
1 0.65859375 0.684375 0.0185546875 0.0171875
1 0.66015625 0.72421875 0.0171875 0.0171875
1 0.621875 0.56875 0.016796875 0.0162109375
1 0.634375 0.590625 0.01630859375 0.01640625
1 0.6203125 0.5921875 0.015625 0.015625
1 0.63828125 0.28984375 0.0087890625 0.00859375
1 0.646875 0.25390625 0.0083984375 0.00859375
1 0.6328125 0.2296875 0.00634765625 0.00625