1 0.24609375 0.46875 0.05302734375 0.0443359375
1 0.271875 0.59296875 0.04384765625 0.04375
1 0.27578125 0.63984375 0.04072265625 0.04052734375
1 0.353125 0.43359375 0.0529296875 0.0513671875
1 0.5015625 0.52890625 0.04208984375 0.0703125
0 0.49765625 0.2875 0.0666015625 0.06640625
1 0.40234375 0.71015625 0.04853515625 0.04853515625
1 0.51484375 0.74375 0.06064453125 0.060546875
1 0.75234375 0.46953125 0.0515625 0.04375
1 0.75390625 0.51875 0.04453125 0.0435546875
1 0.8109375 0.50703125 0.0423828125 0.0419921875
1 0.8125 0.46640625 0.04169921875 0.04267578125
1 0.8765625 0.46796875 0.0486328125 0.0380859375
1 0.86640625 0.5109375 0.04775390625 0.04150390625
1 0.91953125 0.50859375 0.0427734375 0.0431640625
1 0.91953125 0.55625 0.0392578125 0.039453125
0 0.825 0.55703125 0.09169921875 0.09169921875
1 0.9546875 0.46640625 0.0486328125 0.0498046875
1 0.96953125 0.5125 0.0455078125 0.0376953125