0 0.13984375 0.63359375 0.13232421875 0.132421875
1 0.21015625 0.57578125 0.04375 0.04375
1 0.265625 0.58203125 0.04462890625 0.04453125
1 0.26328125 0.63671875 0.046875 0.0396484375
1 0.50859375 0.565625 0.057421875 0.05751953125
1 0.53046875 0.38203125 0.0556640625 0.0552734375
1 0.61796875 0.40234375 0.04609375 0.04619140625
1 0.47734375 0.18203125 0.05546875 0.05546875
1 0.5125 0.11796875 0.03427734375 0.06962890625
0 0.85078125 0.6203125 0.05625 0.05615234375
1 0.7546875 0.45625 0.03974609375 0.04140625
1 0.75234375 0.496875 0.0458984375 0.0376953125
1 0.76328125 0.53984375 0.0427734375 0.042578125
1 0.81640625 0.49296875 0.0361328125 0.0361328125
1 0.815625 0.4515625 0.0447265625 0.0447265625
1 0.94140625 0.49140625 0.04619140625 0.04130859375
1 0.88515625 0.484375 0.04296875 0.04306640625
1 0.625 0.85703125 0.0541015625 0.054296875
1 0.53828125 0.921875 0.06171875 0.06181640625
1 0.515625 0.965625 0.04072265625 0.06640625