2 0.5164930562500001 0.29783950625 0.503472221875 0.2878086421875 0.4830729171875 0.354938271875 0.4943576390625 0.37577160468750004 0.5164930562500001 0.29783950625
0 0.3984375 0.52109375 0.03828125 0.02578125
0 0.38515625 0.4328125 0.05234375 0.02265625
0 0.32421875 0.512345678125 0.3689236109375 0.531635803125 0.37456597187499996 0.5084876546875 0.3420138890625 0.486882715625 0.32421875 0.512345678125
0 0.4921875 0.8896604937499999 0.5078125 0.8919753078125 0.5069444437499999 0.8194444437499999 0.4939236109375 0.81558641875 0.4921875 0.8896604937499999
1 0.6375 0.43515625 0.02734375 0.01640625
1 0.5078125 0.5890625 0.025 0.04375
1 0.515625 0.62421875 0.015625 0.03203125
1 0.5015625 0.6484375 0.01484375 0.03359375
1 0.38984375 0.4734375 0.0171875 0.0234375
1 0.359375 0.46640625 0.0265625 0.025
1 0.4796875 0.38828125 0.0171875 0.03125
1 0.51484375 0.69921875 0.0109375 0.0375