0 0.51953125 0.1828125 0.04609375 0.07587890625
0 0.346875 0.37734375 0.03125 0.0302734375
0 0.4625 0.4109375 0.04140625 0.040234375
2 0.48046875 0.38828125 0.03671875 0.0322265625
0 0.5015625 0.50703125 0.06015625 0.0451171875
0 0.49921875 0.59921875 0.0607421875 0.060546875
0 0.503125 0.68046875 0.01796875 0.07041015625
0 0.4171875 0.5203125 0.044921875 0.0375
0 0.36875 0.52265625 0.03818359375 0.03125
0 0.32421875 0.49375 0.051171875 0.05107421875
0 0.24293344375 0.3288985453125 0.22121066250000002 0.3053173765625 0.1825493984375 0.33349553906249996 0.193442990625 0.3499134296875 0.1954120640625 0.3514518390625 0.24293344375 0.3288985453125
1 0.52890625 0.39921875 0.0265625 0.034375
1 0.4046875 0.45625 0.03203125 0.03193359375