1 0.01875 0.50390625 0.0375 0.0328125
1 0.1375 0.49609375 0.03125 0.032421875
1 0.33828125 0.521875 0.033984375 0.03408203125
1 0.3515625 0.48671875 0.03125 0.0263671875
1 0.43671875 0.48203125 0.03203125 0.03203125
1 0.55625 0.47578125 0.033984375 0.034765625
1 0.52734375 0.53828125 0.03759765625 0.03583984375
1 0.42578125 0.59296875 0.041015625 0.041015625
1 0.45390625 0.7359375 0.04169921875 0.0408203125
1 0.48359375 0.72890625 0.0349609375 0.0583984375
1 0.48671875 0.8203125 0.02255859375 0.06015625
1 0.49296875 0.95859375 0.047265625 0.04716796875
1 0.90390625 0.4203125 0.0314453125 0.0318359375
1 0.84296875 0.4265625 0.02705078125 0.026171875
1 0.7484375 0.43125 0.03134765625 0.03046875
1 0.6828125 0.4359375 0.03759765625 0.0376953125
0 0.559375 0.403125 0.084765625 0.08515625