0 0.35390625 0.43359375 0.09921875 0.09921875
0 0.45625 0.30625 0.033984375 0.1064453125
1 0.584375 0.35546875 0.05537109375 0.05546875
1 0.43125 0.52578125 0.04296875 0.03515625
0 0.26953125 0.64921875 0.0623046875 0.0623046875
1 0.20546875 0.590625 0.04609375 0.04609375
1 0.46640625 0.60625 0.03837890625 0.03662109375
1 0.56640625 0.61171875 0.04443359375 0.04130859375
1 0.175 0.5015625 0.0439453125 0.0345703125
1 0.1328125 0.684375 0.047265625 0.0427734375
1 0.03984375 0.625 0.03623046875 0.0369140625
0 0.63203125 0.771875 0.07236328125 0.071484375
1 0.73125 0.6328125 0.03583984375 0.03583984375
1 0.6453125 0.65078125 0.042578125 0.04248046875
1 0.7453125 0.56953125 0.0419921875 0.0419921875
0 0.80390625 0.56953125 0.045703125 0.04580078125
1 0.828125 0.5234375 0.0349609375 0.037109375
1 0.6296875 0.5265625 0.0431640625 0.0431640625
1 0.83125 0.6171875 0.040234375 0.0341796875
0 0.97578125 0.61171875 0.04697265625 0.04599609375
0 0.91484375 0.6703125 0.0833984375 0.0826171875
1 0.51953125 0.09140625 0.03818359375 0.06953125