0 0.0671875 0.7109375 0.1107421875 0.1107421875
0 0.38828125 0.46328125 0.17255859375 0.1734375
1 0.0984375 0.63828125 0.0552734375 0.05439453125
1 0.16484375 0.61015625 0.0498046875 0.0501953125
1 0.1578125 0.66796875 0.0529296875 0.05146484375
1 0.2234375 0.6390625 0.044140625 0.04375
1 0.240625 0.5859375 0.05224609375 0.05234375
1 0.30859375 0.546875 0.04599609375 0.0453125
1 0.27734375 0.61875 0.043359375 0.04326171875
1 0.5046875 0.63828125 0.0533203125 0.053515625
1 0.55625 0.22109375 0.0318359375 0.0701171875
1 0.78828125 0.4875 0.0474609375 0.0474609375
1 0.8390625 0.490625 0.044140625 0.0384765625
1 0.4390625 0.04453125 0.0294921875 0.07197265625