0 0.51953125 0.1828125 0.0234375 0.07890625
0 0.346875 0.37734375 0.0390625 0.02109375
0 0.4625 0.4109375 0.05 0.0203125
2 0.48046875 0.38828125 0.0328125 0.02734375
0 0.5015625 0.50703125 0.05625 0.03203125
0 0.49921875 0.59921875 0.01796875 0.084375
0 0.503125 0.68046875 0.015625 0.07109375
0 0.4171875 0.5203125 0.0421875 0.03125
0 0.36875 0.52265625 0.03671875 0.0296875
0 0.32421875 0.49375 0.0421875 0.04296875
0 0.18576388906250002 0.3302469140625 0.23350694375 0.3541666671875 0.238715278125 0.3225308640625 0.1927083328125 0.30941358124999996 0.18576388906250002 0.3302469140625
1 0.52890625 0.39921875 0.0234375 0.0328125
1 0.4046875 0.45625 0.028125 0.03046875