1 0.078125 0.328125 0.0337890625 0.02890625
1 0.1296875 0.30859375 0.03203125 0.03203125
1 0.29453125 0.30703125 0.030859375 0.030859375
1 0.38359375 0.3359375 0.0287109375 0.028515625
1 0.4515625 0.38203125 0.028515625 0.02939453125
1 0.425 0.55 0.031640625 0.031640625
1 0.38359375 0.51640625 0.03291015625 0.0328125
1 0.36875 0.47578125 0.0361328125 0.0359375
1 0.32421875 0.475 0.03232421875 0.032421875
1 0.275 0.4765625 0.0353515625 0.0322265625
1 0.2296875 0.4796875 0.03115234375 0.03212890625
1 0.18671875 0.48046875 0.03662109375 0.03271484375
1 0.2046875 0.51875 0.03818359375 0.0330078125
1 0.25859375 0.51796875 0.033984375 0.03388671875
1 0.303125 0.50859375 0.0337890625 0.03359375
1 0.3484375 0.50859375 0.03349609375 0.03359375
0 0.67421875 0.36484375 0.078125 0.078125
1 0.84296875 0.29453125 0.0283203125 0.028125
1 0.84296875 0.49609375 0.029296875 0.029296875
1 0.4890625 0.78828125 0.0287109375 0.0638671875
1 0.490625 0.6984375 0.0208984375 0.0572265625
0 0.14296875 0.5171875 0.0404296875 0.0408203125