1 0.096875 0.5671875 0.046484375 0.03828125
1 0.12421875 0.4671875 0.0361328125 0.037109375
1 0.365625 0.45 0.0376953125 0.03740234375
1 0.446875 0.44453125 0.0462890625 0.046484375
1 0.54140625 0.39609375 0.0390625 0.0390625
1 0.54609375 0.190625 0.02734375 0.05927734375
1 0.65546875 0.5546875 0.0390625 0.0392578125
1 0.72578125 0.57265625 0.03515625 0.0328125
1 0.4171875 0.64921875 0.0384765625 0.0328125
1 0.3375 0.65 0.040625 0.0306640625
1 0.3171875 0.56953125 0.03388671875 0.033984375
1 0.60234375 0.90859375 0.05009765625 0.05
1 0.73828125 0.53046875 0.034375 0.034375
1 0.77734375 0.52890625 0.0388671875 0.0392578125
1 0.73671875 0.49375 0.0271484375 0.0275390625
1 0.7765625 0.490625 0.0373046875 0.0375
1 0.81640625 0.490625 0.03203125 0.03203125
1 0.86015625 0.4890625 0.0375 0.0375
1 0.9015625 0.48359375 0.0373046875 0.0375
1 0.7390625 0.45625 0.0310546875 0.03125
1 0.78125 0.45625 0.03828125 0.0380859375
1 0.825 0.45625 0.0361328125 0.03515625
1 0.8640625 0.45390625 0.0376953125 0.03125
1 0.9515625 0.4828125 0.0390625 0.03896484375
1 0.91796875 0.51796875 0.0361328125 0.0314453125
1 0.9609375 0.51328125 0.0357421875 0.03564453125
2 0.50390625 0.32421875 0.05869140625 0.09365234375
0 0.36640625 0.571875 0.0453125 0.0380859375
0 0.528125 0.146875 0.03837890625 0.06650390625
0 0.85078125 0.52578125 0.0919921875 0.05390625
0 0.32265625 0.61015625 0.0919921875 0.0921875