1 0.29609375 0.80078125 0.03671875 0.028125
1 0.4359375 0.8015625 0.0375 0.03671875
1 0.15078125 0.93828125 0.03515625 0.0265625
1 0.3015625 0.9421875 0.03984375 0.0359375
1 0.359375 0.94453125 0.04453125 0.03671875
1 0.3171875 0.8984375 0.03515625 0.0359375
1 0.3640625 0.90234375 0.0328125 0.03046875
1 0.80234375 0.79921875 0.040625 0.03046875
1 0.6046875 0.5171875 0.015625 0.04765625
1 0.63046875 0.27890625 0.01796875 0.05078125
1 0.5828125 0.45546875 0.01640625 0.05859375
1 0.55625 0.4578125 0.01484375 0.0484375
1 0.534375 0.47265625 0.015625 0.05625
1 0.5390625 0.40703125 0.0171875 0.05234375
1 0.56328125 0.3875 0.01875 0.05703125
1 0.5859375 0.37421875 0.0140625 0.05234375
1 0.58828125 0.30546875 0.0171875 0.05859375
1 0.54375 0.3359375 0.0171875 0.0578125
1 0.55078125 0.271875 0.01640625 0.05390625
1 0.5734375 0.24609375 0.01640625 0.04609375
1 0.55546875 0.21171875 0.015625 0.0515625
1 0.57890625 0.1875 0.01484375 0.04296875
1 0.5703125 0.3015625 0.0140625 0.05
1 0.56015625 0.146875 0.015625 0.046875
1 0.58359375 0.1375 0.01796875 0.0453125
1 0.58515625 0.08515625 0.0171875 0.0484375
1 0.58984375 0.028125 0.01484375 0.0546875
0 0.56640625 0.07734375 0.021875 0.078125
0 0.52890625 0.1609375 0.02890625 0.07578125
0 0.78671875 0.84140625 0.090625 0.03984375