1 0.13984375 0.34140625 0.05830078125 0.058203125
1 0.07578125 0.50546875 0.043359375 0.043359375
1 0.084375 0.5640625 0.0517578125 0.051171875
1 0.1765625 0.546875 0.04384765625 0.0439453125
1 0.1890625 0.43984375 0.0419921875 0.0419921875
1 0.1890625 0.49375 0.0498046875 0.037109375
1 0.2828125 0.55 0.04609375 0.0458984375
1 0.25078125 0.6375 0.0517578125 0.0478515625
1 0.425 0.53125 0.049609375 0.0458984375
1 0.34140625 0.515625 0.04951171875 0.04970703125
1 0.48203125 0.490625 0.035546875 0.03671875
1 0.4984375 0.54375 0.044140625 0.040234375
1 0.50078125 0.59375 0.04765625 0.04228515625
1 0.5703125 0.51953125 0.0404296875 0.0396484375
1 0.575 0.5640625 0.0439453125 0.04599609375
1 0.69375 0.60078125 0.042578125 0.041796875
1 0.96796875 0.6859375 0.0498046875 0.0490234375
2 0.39375 0.575 0.06015625 0.06015625
0 0.36953125 0.47265625 0.0671875 0.05400390625
0 0.65 0.534375 0.052734375 0.05234375
0 0.7234375 0.5546875 0.0669921875 0.0669921875
1 0.08046875 0.9640625 0.0328125 0.06875
1 0.10390625 0.953125 0.059375 0.05947265625
1 0.02734375 0.09296875 0.0546875 0.0578125