1 0.17109375 0.48515625 0.0271484375 0.026953125
1 0.24921875 0.48671875 0.03056640625 0.03056640625
1 0.2078125 0.51875 0.0365234375 0.029296875
1 0.3515625 0.51953125 0.033203125 0.03310546875
1 0.32421875 0.4859375 0.0333984375 0.033203125
1 0.40859375 0.48125 0.0328125 0.0326171875
1 0.35859375 0.3515625 0.02705078125 0.027734375
1 0.509375 0.28671875 0.03486328125 0.03466796875
1 0.49609375 0.3515625 0.03349609375 0.04150390625
0 0.4828125 0.32578125 0.0396484375 0.03662109375
0 0.5640625 0.446875 0.04287109375 0.04296875
0 0.57734375 0.38046875 0.1 0.0435546875
1 0.4859375 0.46875 0.0318359375 0.029296875
1 0.43359375 0.57734375 0.046484375 0.04638671875
1 0.51875 0.6109375 0.03818359375 0.03828125
1 0.54375 0.5359375 0.03759765625 0.03740234375
0 0.46171875 0.94921875 0.06611328125 0.066015625
1 0.45390625 0.7140625 0.046484375 0.04736328125
1 0.49140625 0.68359375 0.0359375 0.0359375
1 0.4921875 0.7796875 0.043359375 0.04375
1 0.496875 0.8609375 0.045703125 0.0453125
1 0.49921875 0.95546875 0.05634765625 0.05546875
1 0.871875 0.4390625 0.03115234375 0.02880859375
1 0.82734375 0.4390625 0.0326171875 0.0322265625
1 0.78046875 0.49921875 0.02978515625 0.02978515625