0 0.32109375 0.6078125 0.109375 0.0390625
0 0.503125 0.659375 0.034375 0.15859375
0 0.84921875 0.5234375 0.0875 0.03359375
1 0.46796875 0.41953125 0.03046875 0.05625
1 0.53359375 0.35703125 0.0171875 0.0515625
1 0.5609375 0.46640625 0.02109375 0.0578125
1 0.5375 0.56015625 0.0171875 0.06328125
1 0.55625 0.74296875 0.02109375 0.065625
1 0.6015625 0.90859375 0.02109375 0.065625
1 0.31328125 0.56796875 0.03515625 0.0203125
1 0.5140625 0.23984375 0.01796875 0.06015625
1 0.528125 0.08046875 0.01953125 0.0640625
1 0.5578125 0.3390625 0.015625 0.0640625
1 0.58359375 0.3484375 0.01875 0.06328125
0 0.365625 0.5703125 0.0375 0.034375
1 0.73359375 0.4921875 0.0296875 0.02734375
1 0.7375 0.45625 0.034375 0.0234375
1 0.778125 0.45546875 0.0328125 0.0296875
1 0.82265625 0.453125 0.03359375 0.021875
1 0.86171875 0.45390625 0.0359375 0.02734375
1 0.73515625 0.52734375 0.0328125 0.028125
1 0.77734375 0.52890625 0.03515625 0.02421875
1 0.7390625 0.59921875 0.0359375 0.0328125
1 0.85703125 0.48671875 0.034375 0.02421875
1 0.8125 0.48828125 0.03515625 0.025
1 0.775 0.48828125 0.034375 0.0265625
1 0.89921875 0.48203125 0.03671875 0.02734375
1 0.9484375 0.47890625 0.0390625 0.02734375
1 0.91484375 0.5171875 0.03125 0.03125
1 0.959375 0.51484375 0.0359375 0.0234375
1 0.01796875 0.64140625 0.034375 0.0265625