1 0.38984375 0.6328125 0.0404296875 0.0357421875
1 0.24375 0.66015625 0.0513671875 0.050390625
1 0.1265625 0.63671875 0.05068359375 0.0515625
1 0.09453125 0.52109375 0.0494140625 0.0494140625
1 0.09921875 0.7109375 0.0498046875 0.0498046875
1 0.265625 0.49453125 0.0529296875 0.053515625
1 0.30625 0.33203125 0.05078125 0.051171875
1 0.259375 0.128125 0.05634765625 0.05634765625
1 0.234375 0.1625 0.0318359375 0.062109375
1 0.31171875 0.0671875 0.0484375 0.0484375
1 0.521875 0.5921875 0.03505859375 0.03505859375
1 0.540625 0.53515625 0.03759765625 0.03603515625
1 0.5453125 0.48984375 0.044140625 0.044140625
1 0.6109375 0.50703125 0.03759765625 0.03896484375
1 0.69375 0.71953125 0.04765625 0.0453125
1 0.71640625 0.5796875 0.0427734375 0.04140625
1 0.6390625 0.61015625 0.0458984375 0.04609375
1 0.58203125 0.60078125 0.0431640625 0.0427734375
1 0.5890625 0.5484375 0.0486328125 0.0486328125
1 0.66484375 0.51640625 0.04208984375 0.0375
1 0.8109375 0.596875 0.046875 0.04599609375
1 0.89140625 0.61953125 0.05078125 0.0490234375
1 0.965625 0.60078125 0.0490234375 0.04951171875
1 0.97265625 0.653125 0.0466796875 0.0470703125
1 0.8546875 0.56171875 0.04501953125 0.04580078125
1 0.25859375 0.0265625 0.0296875 0.05166015625
2 0.496875 0.6359375 0.0671875 0.0599609375
0 0.74140625 0.5203125 0.0708984375 0.071484375
1 0.64296875 0.56328125 0.0455078125 0.0453125