0 0.0671875 0.7109375 0.12109375 0.09296875
0 0.38828125 0.46328125 0.15703125 0.1484375
1 0.0984375 0.63828125 0.0484375 0.04609375
1 0.16484375 0.61015625 0.04140625 0.04296875
1 0.1578125 0.66796875 0.0453125 0.04453125
1 0.2234375 0.6390625 0.0421875 0.040625
1 0.240625 0.5859375 0.04296875 0.04375
1 0.30859375 0.546875 0.04140625 0.040625
1 0.27734375 0.61875 0.0359375 0.03984375
1 0.5046875 0.63828125 0.0265625 0.0609375
1 0.55625 0.22109375 0.01796875 0.06953125
1 0.78828125 0.4875 0.04296875 0.03828125
1 0.8390625 0.490625 0.0421875 0.03515625
1 0.4390625 0.04453125 0.0203125 0.07109375