0 0.13828125 0.6328125 0.1765625 0.05078125
1 0.21015625 0.57578125 0.04140625 0.034375
1 0.265625 0.58046875 0.0421875 0.03359375
1 0.2625 0.6359375 0.04296875 0.03671875
1 0.503125 0.4234375 0.01875 0.075
1 0.5078125 0.6796875 0.0265625 0.08125
1 0.53046875 0.3046875 0.01953125 0.078125
1 0.62890625 0.41640625 0.03671875 0.04921875
1 0.503125 0.89453125 0.02890625 0.078125
0 0.7875 0.6265625 0.0515625 0.04296875
1 0.75390625 0.45859375 0.040625 0.03828125
1 0.75234375 0.496875 0.04140625 0.034375
1 0.815625 0.49375 0.04140625 0.03125
1 0.8140625 0.45078125 0.04140625 0.0296875
1 0.884375 0.4859375 0.04453125 0.034375
1 0.7625 0.54140625 0.0421875 0.034375
1 0.940625 0.49296875 0.04453125 0.03515625
1 0.63046875 0.95234375 0.02265625 0.06796875