2 0.53671875 0.47109375 0.04296875 0.03984375
0 0.5703125 0.32109375 0.0408203125 0.04140625
0 0.21015625 0.5203125 0.03720703125 0.0373046875
1 0.040625 0.4859375 0.0353515625 0.0353515625
1 0.12890625 0.48828125 0.0361328125 0.03515625
1 0.2765625 0.51796875 0.037109375 0.0380859375
1 0.353125 0.515625 0.0337890625 0.0337890625
1 0.415625 0.54375 0.04443359375 0.04453125
1 0.4546875 0.65546875 0.03994140625 0.03984375
1 0.49453125 0.70234375 0.0365234375 0.03671875
1 0.49921875 0.9015625 0.0240234375 0.0626953125
1 0.49296875 0.78125 0.0384765625 0.0396484375
1 0.47265625 0.86015625 0.0384765625 0.0375
1 0.62578125 0.44921875 0.03515625 0.03515625
1 0.9078125 0.43203125 0.03388671875 0.033203125
1 0.8671875 0.43828125 0.0267578125 0.0265625
0 0.7078125 0.371875 0.1025390625 0.06484375