0 0.52578125 0.21640625 0.04208984375 0.04208984375
0 0.53984375 0.06953125 0.041796875 0.041796875
0 0.525 0.546875 0.04755859375 0.04775390625
0 0.55859375 0.4765625 0.048828125 0.0482421875
1 0.58046875 0.4171875 0.02265625 0.04150390625
1 0.5640625 0.41953125 0.0287109375 0.0287109375
1 0.575 0.48125 0.0306640625 0.0306640625
1 0.55390625 0.53828125 0.03134765625 0.03125
1 0.57421875 0.528125 0.0314453125 0.0314453125
1 0.571875 0.57578125 0.0353515625 0.0345703125
1 0.55 0.5984375 0.037890625 0.0390625
1 0.56796875 0.62890625 0.02578125 0.0416015625
1 0.54609375 0.65625 0.02578125 0.05244140625
1 0.565625 0.68359375 0.0375 0.037109375
1 0.584375 0.68515625 0.037109375 0.0361328125
1 0.53984375 0.71875 0.04375 0.044140625
1 0.5609375 0.77109375 0.0234375 0.0615234375
1 0.58359375 0.75859375 0.015625 0.053125
1 0.53671875 0.7921875 0.021875 0.0572265625
1 0.55625 0.84453125 0.0296875 0.05078125
1 0.58125 0.84296875 0.0470703125 0.047265625
1 0.53359375 0.8609375 0.040625 0.04150390625
1 0.640625 0.0609375 0.02197265625 0.0220703125