0 0.38984375 0.7125 0.148828125 0.1490234375
0 0.57890625 0.41796875 0.113671875 0.113671875
1 0.51640625 0.05859375 0.0564453125 0.05546875
1 0.0578125 0.50078125 0.044921875 0.04580078125
1 0.08671875 0.578125 0.04609375 0.0380859375
1 0.5171875 0.66875 0.0646484375 0.06484375
1 0.57734375 0.62421875 0.04931640625 0.04912109375
1 0.65078125 0.70234375 0.0642578125 0.0642578125
1 0.59296875 0.86171875 0.054296875 0.054296875
1 0.903125 0.49453125 0.04453125 0.0333984375
1 0.8171875 0.63515625 0.0458984375 0.034375
1 0.81875 0.50078125 0.0369140625 0.0365234375
1 0.75078125 0.50546875 0.042578125 0.04248046875
1 0.64140625 0.4359375 0.0439453125 0.04375
0 0.759375 0.46640625 0.0384765625 0.0388671875