0 0.053125 0.31875 0.0875 0.03984375
0 0.26796875 0.403125 0.16875 0.03984375
0 0.66328125 0.365625 0.09921875 0.0390625
0 0.26171875 0.50859375 0.05234375 0.034375
0 0.4625 0.40546875 0.0328125 0.06015625
1 0.06953125 0.48359375 0.03515625 0.02421875
1 0.1703125 0.48046875 0.0296875 0.02421875
1 0.215625 0.48828125 0.0328125 0.0265625
1 0.134375 0.3515625 0.03046875 0.021875
1 0.309375 0.33046875 0.02890625 0.02421875
1 0.48984375 0.28125 0.02578125 0.02421875
1 0.75078125 0.2640625 0.028125 0.021875
1 0.703125 0.29140625 0.03125 0.02578125
1 0.66328125 0.29140625 0.028125 0.02421875
1 0.609375 0.29296875 0.02734375 0.02421875
1 0.56953125 0.29296875 0.02890625 0.0203125
1 0.56796875 0.3171875 0.03125 0.0234375
1 0.65703125 0.47421875 0.03046875 0.02421875
1 0.74375 0.43046875 0.02890625 0.0234375
1 0.90078125 0.41796875 0.03046875 0.025
1 0.853125 0.4265625 0.02890625 0.0234375
1 0.31484375 0.4765625 0.028125 0.0234375
1 0.3671875 0.47578125 0.03203125 0.021875
1 0.40078125 0.52421875 0.03046875 0.034375
1 0.4484375 0.62421875 0.02109375 0.053125
1 0.50625 0.55625 0.01484375 0.05
1 0.459375 0.7921875 0.01640625 0.06171875
0 0.121875 0.48125 0.03984375 0.02890625