1 0.38984375 0.6328125 0.03828125 0.03359375
1 0.24375 0.66015625 0.04453125 0.0421875
1 0.1265625 0.63671875 0.04609375 0.05
1 0.09453125 0.52109375 0.04296875 0.05234375
1 0.09921875 0.7109375 0.04296875 0.04140625
1 0.265625 0.49453125 0.03515625 0.0671875
1 0.30625 0.33203125 0.0234375 0.0640625
1 0.259375 0.128125 0.01953125 0.07578125
1 0.234375 0.1625 0.01796875 0.0609375
1 0.31171875 0.0671875 0.021875 0.071875
1 0.521875 0.5921875 0.03671875 0.03359375
1 0.540625 0.53515625 0.03828125 0.03671875
1 0.5453125 0.48984375 0.040625 0.0359375
1 0.6109375 0.50703125 0.03828125 0.03828125
1 0.69375 0.71953125 0.040625 0.0375
1 0.71640625 0.5796875 0.03828125 0.0375
1 0.6390625 0.61015625 0.0390625 0.0375
1 0.58203125 0.60078125 0.03984375 0.03828125
1 0.5890625 0.5484375 0.04453125 0.03828125
1 0.66484375 0.51640625 0.04140625 0.0375
1 0.8109375 0.596875 0.040625 0.03671875
1 0.89140625 0.61953125 0.04375 0.04140625
1 0.965625 0.60078125 0.0453125 0.04453125
1 0.97265625 0.653125 0.04296875 0.04296875
1 0.8546875 0.56171875 0.04140625 0.03671875
1 0.25859375 0.0265625 0.0203125 0.05078125
2 0.496875 0.6359375 0.059375 0.0453125
0 0.74140625 0.5203125 0.06171875 0.0625
1 0.64296875 0.56328125 0.04296875 0.0359375