2 0.518560915625 0.2990810796875 0.5070687296874999 0.28850992343750004 0.48089631875 0.3536061890625 0.4897288625 0.3739751109375 0.4908078359375 0.3740695078125 0.5183174312500001 0.301864121875 0.518560915625 0.2990810796875
0 0.3984375 0.52109375 0.0416015625 0.0341796875
0 0.38515625 0.4328125 0.0380859375 0.0388671875
0 0.363238859375 0.4840587328125 0.3408888953125 0.48613258125 0.331058946875 0.5239450609375 0.35718845625 0.5314120671875 0.36111181875 0.5300611453124999 0.3643567875 0.4873054328125 0.363238859375 0.4840587328125
0 0.47927089218749996 0.82550571875 0.5085944015625 0.8875 0.511447590625 0.8875 0.521875 0.8824142140625 0.521875 0.8793615328125 0.4892826921875 0.8163301921875 0.47927089218749996 0.82550571875
1 0.6375 0.43515625 0.02294921875 0.02373046875
1 0.5078125 0.5890625 0.04140625 0.04140625
1 0.515625 0.62421875 0.015625 0.03271484375
1 0.5015625 0.6484375 0.02880859375 0.02880859375
1 0.38984375 0.4734375 0.023046875 0.0232421875
1 0.359375 0.46640625 0.0259765625 0.02578125
1 0.4796875 0.38828125 0.023046875 0.0328125
1 0.51484375 0.69921875 0.028515625 0.028515625