0 0.52578125 0.21640625 0.04677734375 0.04677734375
0 0.53984375 0.06953125 0.0265625 0.0578125
0 0.525 0.546875 0.0513671875 0.0517578125
0 0.55859375 0.4765625 0.044921875 0.0443359375
1 0.58046875 0.4171875 0.025 0.0400390625
1 0.5640625 0.41953125 0.03251953125 0.03251953125
1 0.575 0.48125 0.0306640625 0.0306640625
1 0.55390625 0.53828125 0.02744140625 0.02734375
1 0.57421875 0.528125 0.02998046875 0.02998046875
1 0.571875 0.57578125 0.03623046875 0.03623046875
1 0.55 0.5984375 0.0232421875 0.04765625
1 0.56796875 0.62890625 0.025 0.04150390625
1 0.54609375 0.65625 0.01875 0.05400390625
1 0.565625 0.68359375 0.03828125 0.037890625
1 0.584375 0.68515625 0.0234375 0.05849609375
1 0.53984375 0.71875 0.04375 0.0439453125
1 0.5609375 0.77109375 0.038671875 0.03935546875
1 0.58359375 0.75859375 0.0171875 0.053125
1 0.53671875 0.7921875 0.015625 0.0564453125
1 0.55625 0.84453125 0.037109375 0.036328125
1 0.58125 0.84296875 0.0423828125 0.042578125
1 0.53359375 0.8609375 0.04609375 0.04697265625
1 0.640625 0.0609375 0.0205078125 0.020703125