0 0.24296875 0.3921875 0.045703125 0.04560546875
0 0.28821520624999997 0.506539625 0.303518578125 0.5051587578125 0.305654571875 0.5021082453125 0.31221169375 0.466801253125 0.3058101296875 0.46231883125 0.2875705328125 0.4502970640625 0.2864962640625 0.45183127812499996 0.2870070265625 0.5056936484375 0.28821520624999997 0.506539625
2 0.5203125 0.14375 0.0533203125 0.0515625
2 0.52421875 0.078125 0.02177734375 0.0384765625
1 0.63984375 0.41796875 0.01953125 0.01953125
1 0.73125 0.43828125 0.028125 0.02578125
1 0.6359375 0.43984375 0.0177734375 0.0234375
1 0.6640625 0.42421875 0.024609375 0.024609375
1 0.65859375 0.44453125 0.013671875 0.01376953125
1 0.59140625 0.55390625 0.01796875 0.01953125
1 0.56640625 0.559375 0.024609375 0.023828125
1 0.50546875 0.584375 0.01875 0.03515625
1 0.5015625 0.65078125 0.0232421875 0.02294921875
1 0.5015625 0.70625 0.021875 0.0203125
0 0.49921875 0.85546875 0.0330078125 0.0796875
0 0.4828125 0.96015625 0.0328125 0.0796875
1 0.35 0.46171875 0.02138671875 0.022265625
1 0.40234375 0.4890625 0.020703125 0.0208984375
1 0.3140625 0.4453125 0.024609375 0.02421875
1 0.234375 0.421875 0.02890625 0.02890625
1 0.5109375 0.30078125 0.0208984375 0.03125