0 0.140625 0.634375 0.1181640625 0.1181640625
1 0.2109375 0.5765625 0.0419921875 0.037109375
1 0.26640625 0.58203125 0.04638671875 0.046484375
1 0.2640625 0.634375 0.043359375 0.0431640625
1 0.4734375 0.29921875 0.0326171875 0.0736328125
1 0.53359375 0.43671875 0.04755859375 0.07587890625
1 0.59921875 0.36953125 0.0451171875 0.0583984375
1 0.521875 0.728125 0.0603515625 0.06015625
1 0.509375 0.19140625 0.0287109375 0.06806640625
1 0.51953125 0.03203125 0.04453125 0.04453125
1 0.63203125 0.7734375 0.0552734375 0.055078125
0 0.91328125 0.61640625 0.05625 0.0484375
1 0.7546875 0.45625 0.03837890625 0.03828125
1 0.753125 0.49453125 0.042578125 0.04189453125
1 0.7640625 0.5390625 0.0404296875 0.0423828125
1 0.8171875 0.490625 0.0419921875 0.0421875
1 0.8140625 0.45 0.0439453125 0.04375
1 0.8859375 0.4828125 0.04833984375 0.0421875
1 0.9421875 0.490625 0.0451171875 0.03671875