1 0.4640625 0.31796875 0.028125 0.071875
1 0.49140625 0.2703125 0.05107421875 0.051171875
1 0.53671875 0.315625 0.05576171875 0.05595703125
1 0.5734375 0.25546875 0.05048828125 0.05048828125
1 0.4921875 0.40625 0.01962890625 0.0689453125
1 0.28828125 0.56328125 0.04482421875 0.044921875
1 0.165625 0.628125 0.0556640625 0.065625
1 0.22265625 0.5953125 0.0484375 0.0484375
1 0.20625 0.6515625 0.0470703125 0.05
1 0.25703125 0.62578125 0.05400390625 0.05400390625
1 0.40546875 0.6734375 0.05888671875 0.0587890625
1 0.54375 0.65625 0.04697265625 0.04677734375
0 0.46484375 0.53515625 0.07021484375 0.17666015625
0 0.58203125 0.88828125 0.1478515625 0.1466796875
1 0.553125 0.89609375 0.0369140625 0.0755859375
1 0.528125 0.91328125 0.03193359375 0.075
1 0.50234375 0.953125 0.05498046875 0.05595703125