1 0.33359375 0.50234375 0.037109375 0.03701171875
1 0.28125 0.69140625 0.03857421875 0.03935546875
0 0.5875 0.58515625 0.12021484375 0.11025390625
0 0.7171875 0.65234375 0.12734375 0.12109375
1 0.82578125 0.55546875 0.03720703125 0.037109375
1 0.725 0.56328125 0.04033203125 0.03935546875
1 0.6734375 0.50703125 0.0419921875 0.0423828125
1 0.93515625 0.5515625 0.03935546875 0.03876953125
1 0.98046875 0.49921875 0.0380859375 0.037890625
0 0.5765625 0.153125 0.1224609375 0.12431640625
0 0.478125 0.1375 0.04208984375 0.0732421875