0 0.32109375 0.6078125 0.08359375 0.083203125
0 0.503125 0.659375 0.103125 0.10302734375
0 0.84921875 0.5234375 0.0875 0.05849609375
1 0.46796875 0.41953125 0.0451171875 0.044921875
1 0.53359375 0.35703125 0.040625 0.040625
1 0.5609375 0.46640625 0.02412109375 0.05859375
1 0.5375 0.56015625 0.0486328125 0.04951171875
1 0.55625 0.74296875 0.04677734375 0.046875
1 0.6015625 0.90859375 0.0302734375 0.0671875
1 0.31328125 0.56796875 0.0318359375 0.0328125
1 0.5140625 0.23984375 0.04638671875 0.04638671875
1 0.528125 0.08046875 0.02587890625 0.06484375
1 0.5578125 0.3390625 0.034375 0.0623046875
1 0.58359375 0.3484375 0.0328125 0.06259765625
0 0.365625 0.5703125 0.0390625 0.0375
1 0.73359375 0.4921875 0.033203125 0.0330078125
1 0.7375 0.45625 0.0375 0.030859375
1 0.778125 0.45546875 0.0365234375 0.036328125
1 0.82265625 0.453125 0.0294921875 0.030078125
1 0.86171875 0.45390625 0.03203125 0.0330078125
1 0.73515625 0.52734375 0.033984375 0.033984375
1 0.77734375 0.52890625 0.0302734375 0.0306640625
1 0.7390625 0.59921875 0.0375 0.036328125
1 0.85703125 0.48671875 0.034765625 0.0349609375
1 0.8125 0.48828125 0.0314453125 0.03046875
1 0.775 0.48828125 0.03828125 0.034375
1 0.89921875 0.48203125 0.0400390625 0.0337890625
1 0.9484375 0.47890625 0.0400390625 0.04033203125
1 0.91484375 0.5171875 0.03359375 0.03359375
1 0.959375 0.51484375 0.03359375 0.033203125
1 0.01796875 0.64140625 0.031640625 0.031640625