0 0.4921875 0.37578125 0.081640625 0.0818359375
0 0.64375 0.3984375 0.1650390625 0.07724609375
1 0.11015625 0.353125 0.03251953125 0.0322265625
1 0.18984375 0.353125 0.03515625 0.030859375
1 0.3328125 0.3265625 0.02958984375 0.0296875
1 0.096875 0.49140625 0.03369140625 0.03359375
1 0.22578125 0.51875 0.02939453125 0.028515625
0 0.1875 0.48671875 0.0392578125 0.0392578125
1 0.33203125 0.484375 0.03203125 0.0322265625
1 0.3265625 0.51640625 0.03310546875 0.033203125
1 0.42578125 0.478125 0.02998046875 0.029296875
1 0.4515625 0.659375 0.0259765625 0.0515625
1 0.51328125 0.59921875 0.0337890625 0.0333984375
1 0.4453125 0.82109375 0.0443359375 0.0439453125
1 0.534375 0.478125 0.0330078125 0.032421875
1 0.62734375 0.46796875 0.030859375 0.03076171875
1 0.70625 0.4984375 0.0298828125 0.029296875
1 0.56640625 0.3234375 0.0345703125 0.034765625
1 0.65859375 0.296875 0.0326171875 0.02890625
1 0.7046875 0.27109375 0.0287109375 0.0287109375
1 0.70078125 0.2953125 0.0330078125 0.0291015625
1 0.90859375 0.42421875 0.03056640625 0.02900390625
1 0.83984375 0.42578125 0.02978515625 0.0296875
1 0.85234375 0.4640625 0.02783203125 0.026953125