0 0.140625 0.634375 0.17578125 0.05390625
1 0.2109375 0.5765625 0.03984375 0.0359375
1 0.26640625 0.58203125 0.04140625 0.034375
1 0.2640625 0.634375 0.0421875 0.03203125
1 0.4734375 0.29921875 0.01796875 0.07421875
1 0.53359375 0.43671875 0.02265625 0.08046875
1 0.59921875 0.36953125 0.03203125 0.05390625
1 0.521875 0.728125 0.02265625 0.078125
1 0.509375 0.19140625 0.0171875 0.06796875
1 0.51953125 0.03203125 0.0203125 0.0640625
1 0.63203125 0.7734375 0.02421875 0.06875
0 0.91328125 0.61640625 0.0515625 0.0359375
1 0.7546875 0.45625 0.04140625 0.034375
1 0.753125 0.49453125 0.040625 0.03359375
1 0.7640625 0.5390625 0.04296875 0.03515625
1 0.8171875 0.490625 0.03984375 0.034375
1 0.8140625 0.45 0.0421875 0.03125
1 0.8859375 0.4828125 0.04296875 0.034375
1 0.9421875 0.490625 0.04296875 0.034375