1 0.4484375 0.53359375 0.0173828125 0.017578125
1 0.4578125 0.54140625 0.01826171875 0.01923828125
1 0.46796875 0.53125 0.01689453125 0.017578125
1 0.47734375 0.53671875 0.00849609375 0.02353515625
1 0.4875 0.53359375 0.0177734375 0.01767578125
0 0.51015625 0.56015625 0.019921875 0.019921875
1 0.53828125 0.56171875 0.0173828125 0.0111328125
1 0.5609375 0.56171875 0.01484375 0.0134765625
1 0.58828125 0.5640625 0.016796875 0.01669921875
1 0.71875 0.63515625 0.0220703125 0.022265625
1 0.53671875 0.75 0.01611328125 0.016796875
0 0.64765625 0.8390625 0.02861328125 0.0287109375
0 0.59375 0.72421875 0.02333984375 0.0234375