0 0.38984375 0.7125 0.1640625 0.09140625
0 0.57890625 0.41796875 0.028125 0.1859375
1 0.51640625 0.05859375 0.02109375 0.0796875
1 0.0578125 0.50078125 0.046875 0.03046875
1 0.08671875 0.578125 0.04375 0.03359375
1 0.5171875 0.66875 0.0328125 0.075
1 0.57734375 0.62421875 0.02109375 0.07578125
1 0.65078125 0.70234375 0.03671875 0.07109375
1 0.59296875 0.86171875 0.0234375 0.078125
1 0.903125 0.49453125 0.04375 0.03203125
1 0.8171875 0.63515625 0.04296875 0.03125
1 0.81875 0.50078125 0.03984375 0.03359375
1 0.75078125 0.50546875 0.040625 0.03203125
1 0.64140625 0.4359375 0.03515625 0.0390625
0 0.759375 0.46640625 0.03984375 0.03359375