0 0.57421875 0.7359375 0.04189453125 0.041796875
0 0.54609375 0.928125 0.0419921875 0.04296875
1 0.66171875 0.9 0.01484375 0.03427734375
1 0.6625 0.8203125 0.026953125 0.0271484375
1 0.64609375 0.7828125 0.02392578125 0.0228515625
1 0.646875 0.70234375 0.0169921875 0.0177734375
1 0.65859375 0.684375 0.0177734375 0.01640625
1 0.66015625 0.72421875 0.01796875 0.01796875
1 0.621875 0.56875 0.016796875 0.0162109375
1 0.634375 0.590625 0.0185546875 0.01875
1 0.6203125 0.5921875 0.01328125 0.02265625
1 0.63828125 0.28984375 0.0080078125 0.0078125
1 0.646875 0.25390625 0.007421875 0.00859375
1 0.6328125 0.2296875 0.0064453125 0.00625