1 0.29609375 0.80078125 0.0380859375 0.037890625
1 0.4359375 0.8015625 0.04296875 0.0427734375
1 0.15078125 0.93828125 0.03896484375 0.03125
1 0.3015625 0.9421875 0.0419921875 0.042578125
1 0.359375 0.94453125 0.0466796875 0.0458984375
1 0.3171875 0.8984375 0.0408203125 0.041015625
1 0.3640625 0.90234375 0.0361328125 0.03642578125
1 0.80234375 0.79921875 0.041015625 0.04111328125
1 0.6046875 0.5171875 0.0171875 0.0470703125
1 0.63046875 0.27890625 0.04072265625 0.04052734375
1 0.5828125 0.45546875 0.0259765625 0.0587890625
1 0.55625 0.4578125 0.0365234375 0.037109375
1 0.534375 0.47265625 0.03984375 0.0390625
1 0.5390625 0.40703125 0.0283203125 0.05087890625
1 0.56328125 0.3875 0.04453125 0.04462890625
1 0.5859375 0.37421875 0.0359375 0.0365234375
1 0.58828125 0.30546875 0.04453125 0.0455078125
1 0.54375 0.3359375 0.044140625 0.044140625
1 0.55078125 0.271875 0.0400390625 0.0404296875
1 0.5734375 0.24609375 0.02509765625 0.04619140625
1 0.55546875 0.21171875 0.02421875 0.05234375
1 0.57890625 0.1875 0.02119140625 0.04443359375
1 0.5703125 0.3015625 0.0365234375 0.0375
1 0.56015625 0.146875 0.0234375 0.04765625
1 0.58359375 0.1375 0.0220703125 0.044921875
1 0.58515625 0.08515625 0.028125 0.04921875
1 0.58984375 0.028125 0.0236328125 0.055859375
0 0.56640625 0.07734375 0.03515625 0.07890625
0 0.52890625 0.1609375 0.0580078125 0.0591796875
0 0.78671875 0.84140625 0.09375 0.05791015625