0 0.4921875 0.37578125 0.069921875 0.06923828125
0 0.64375 0.3984375 0.125390625 0.1248046875
1 0.11015625 0.353125 0.0337890625 0.030859375
1 0.18984375 0.353125 0.03515625 0.031640625
1 0.3328125 0.3265625 0.0326171875 0.0328125
1 0.096875 0.49140625 0.0369140625 0.03046875
1 0.22578125 0.51875 0.0349609375 0.033984375
0 0.1875 0.48671875 0.03388671875 0.03310546875
1 0.33203125 0.484375 0.03203125 0.03212890625
1 0.3265625 0.51640625 0.03740234375 0.03125
1 0.42578125 0.478125 0.03310546875 0.032421875
1 0.4515625 0.659375 0.03994140625 0.03984375
1 0.51328125 0.59921875 0.01962890625 0.04599609375
1 0.4453125 0.82109375 0.0443359375 0.0431640625
1 0.534375 0.478125 0.0330078125 0.026171875
1 0.62734375 0.46796875 0.026953125 0.0267578125
1 0.70625 0.4984375 0.03056640625 0.0302734375
1 0.56640625 0.3234375 0.0349609375 0.02890625
1 0.65859375 0.296875 0.0326171875 0.0296875
1 0.7046875 0.27109375 0.02783203125 0.02705078125
1 0.70078125 0.2953125 0.0330078125 0.0291015625
1 0.90859375 0.42421875 0.02666015625 0.02353515625
1 0.83984375 0.42578125 0.0306640625 0.03046875
1 0.85234375 0.4640625 0.0294921875 0.028515625