0 0.13984375 0.63359375 0.17578125 0.053125
1 0.21015625 0.57578125 0.040625 0.034375
1 0.265625 0.58203125 0.04140625 0.034375
1 0.26328125 0.63671875 0.0421875 0.03203125
1 0.50859375 0.565625 0.0203125 0.07578125
1 0.53046875 0.38203125 0.01796875 0.07890625
1 0.61796875 0.40234375 0.0359375 0.04921875
1 0.47734375 0.18203125 0.01875 0.078125
1 0.5125 0.11796875 0.01796875 0.07109375
0 0.85078125 0.6203125 0.05 0.04296875
1 0.7546875 0.45625 0.03984375 0.03125
1 0.75234375 0.496875 0.04140625 0.02890625
1 0.76328125 0.53984375 0.04296875 0.03125
1 0.81640625 0.49296875 0.03984375 0.03359375
1 0.815625 0.4515625 0.04140625 0.03515625
1 0.94140625 0.49140625 0.04296875 0.03515625
1 0.88515625 0.484375 0.04375 0.03203125
1 0.625 0.85703125 0.02109375 0.0703125
1 0.53828125 0.921875 0.025 0.08203125
1 0.515625 0.965625 0.02578125 0.065625