0 0.51953125 0.1828125 0.0328125 0.07978515625
0 0.346875 0.37734375 0.0341796875 0.03408203125
0 0.4625 0.4109375 0.05078125 0.023828125
2 0.48046875 0.38828125 0.03515625 0.0353515625
0 0.5015625 0.50703125 0.049609375 0.05029296875
0 0.49921875 0.59921875 0.04228515625 0.07890625
0 0.503125 0.68046875 0.0359375 0.0666015625
0 0.4171875 0.5203125 0.0431640625 0.03515625
0 0.36875 0.52265625 0.04013671875 0.040234375
0 0.32421875 0.49375 0.048046875 0.0486328125
0 0.238355675 0.3365132484375 0.2063541859375 0.3022993640625 0.18967167499999998 0.3165803640625 0.217318559375 0.36016393281250003 0.21860599218750001 0.3609375 0.2189007796875 0.3609375 0.23522828593749998 0.341718096875 0.238355675 0.3365132484375
1 0.52890625 0.39921875 0.0328125 0.0328125
1 0.4046875 0.45625 0.0328125 0.0349609375