0 0.16015625 0.6421875 0.12109375 0.05859375
1 0.28515625 0.64296875 0.0458984375 0.0458984375
1 0.2890625 0.59765625 0.0498046875 0.03984375
1 0.2234375 0.590625 0.04677734375 0.04775390625
1 0.16328125 0.5859375 0.04453125 0.0443359375
0 0.07265625 0.584375 0.05498046875 0.05498046875
0 0.22421875 0.50546875 0.0486328125 0.0486328125
1 0.33359375 0.459375 0.0453125 0.04765625
1 0.571875 0.45859375 0.0193359375 0.0580078125
1 0.53203125 0.44140625 0.0533203125 0.0533203125
1 0.4328125 0.37109375 0.06591796875 0.06611328125
1 0.46953125 0.25234375 0.03505859375 0.07177734375
1 0.4921875 0.0625 0.02724609375 0.07255859375
1 0.16328125 0.6890625 0.0484375 0.0486328125
1 0.68203125 0.61171875 0.0423828125 0.0421875
1 0.75625 0.5671875 0.04296875 0.0341796875
1 0.73125 0.52109375 0.03779296875 0.03720703125
1 0.74921875 0.4796875 0.033984375 0.03515625
1 0.8 0.48203125 0.0416015625 0.04189453125
1 0.79375 0.51875 0.0482421875 0.040625
1 0.84921875 0.5203125 0.044140625 0.0447265625
1 0.90703125 0.51796875 0.04990234375 0.04365234375