1 0.8375 0.80078125 0.01796875 0.03125
1 0.84296875 0.78515625 0.01484375 0.02734375
1 0.89609375 0.75546875 0.015625 0.0328125
1 0.9296875 0.7375 0.0171875 0.02890625
1 0.93984375 0.734375 0.01484375 0.0265625
1 0.946875 0.72734375 0.01484375 0.0296875
1 0.9140625 0.809375 0.01484375 0.01484375
1 0.91953125 0.82265625 0.01953125 0.015625
1 0.925 0.8375 0.01875 0.01875
1 0.9640625 0.8171875 0.01875 0.01640625
1 0.9703125 0.7796875 0.01796875 0.01796875
1 0.9734375 0.71484375 0.0140625 0.0265625
1 0.98203125 0.7109375 0.01640625 0.028125
1 0.928125 0.9046875 0.01875 0.01796875
0 0.925 0.88984375 0.025 0.02265625
1 0.93515625 0.865625 0.01875 0.01640625
1 0.91171875 0.86328125 0.01875 0.01796875
1 0.96640625 0.9390625 0.01953125 0.01796875
1 0.90625 0.971875 0.01796875 0.01875
1 0.978125 0.98046875 0.0140625 0.0296875
1 0.9640625 0.98515625 0.0125 0.0265625
0 0.9765625 0.84375 0.02890625 0.021875
1 0.98125 0.85859375 0.0203125 0.01875
1 0.9890625 0.82109375 0.01640625 0.01796875