1 0.58828125 0.51328125 0.0193359375 0.03828125
1 0.5734375 0.47421875 0.02734375 0.0267578125
1 0.609375 0.4265625 0.0130859375 0.0341796875
1 0.62265625 0.571875 0.01650390625 0.04052734375
1 0.56796875 0.77578125 0.03359375 0.03359375
1 0.584375 0.8578125 0.0220703125 0.0529296875
1 0.54609375 0.83828125 0.030078125 0.030078125
1 0.5671875 0.82734375 0.031640625 0.03076171875
1 0.565625 0.8765625 0.0244140625 0.0392578125
1 0.54296875 0.90390625 0.0265625 0.0515625
1 0.5625 0.93671875 0.0361328125 0.0359375
1 0.53984375 0.96640625 0.042578125 0.0423828125
0 0.51640625 0.8515625 0.06484375 0.06572265625
0 0.51484375 0.51015625 0.0416015625 0.041796875
0 0.5265625 0.3765625 0.03759765625 0.0376953125