2 0.53671875 0.47109375 0.0421875 0.0390625
0 0.5703125 0.32109375 0.0359375 0.0359375
0 0.21015625 0.5203125 0.03671875 0.0296875
1 0.040625 0.4859375 0.03828125 0.02578125
1 0.12890625 0.48828125 0.03671875 0.0265625
1 0.2765625 0.51796875 0.034375 0.03046875
1 0.353125 0.515625 0.03203125 0.02578125
1 0.415625 0.54375 0.03046875 0.04375
1 0.4546875 0.65546875 0.01953125 0.05625
1 0.49453125 0.70234375 0.01640625 0.0546875
1 0.49921875 0.9015625 0.01328125 0.06328125
1 0.49296875 0.78125 0.01328125 0.06015625
1 0.47265625 0.86015625 0.01484375 0.0609375
1 0.62578125 0.44921875 0.03125 0.028125
1 0.9078125 0.43203125 0.03359375 0.0265625
1 0.8671875 0.43828125 0.02890625 0.021875
0 0.7078125 0.371875 0.10078125 0.040625