0 0.4921875 0.37578125 0.096875 0.03984375
0 0.64375 0.3984375 0.1640625 0.04609375
1 0.11015625 0.353125 0.03046875 0.0234375
1 0.18984375 0.353125 0.03125 0.0234375
1 0.3328125 0.3265625 0.03046875 0.025
1 0.096875 0.49140625 0.03515625 0.021875
1 0.22578125 0.51875 0.03359375 0.025
0 0.1875 0.48671875 0.03671875 0.02890625
1 0.33203125 0.484375 0.028125 0.02578125
1 0.3265625 0.51640625 0.03359375 0.0234375
1 0.42578125 0.478125 0.03203125 0.025
1 0.4515625 0.659375 0.01953125 0.05
1 0.51328125 0.59921875 0.01484375 0.04453125
1 0.4453125 0.82109375 0.01328125 0.06015625
1 0.534375 0.478125 0.03203125 0.0234375
1 0.62734375 0.46796875 0.028125 0.02578125
1 0.70625 0.4984375 0.02890625 0.0265625
1 0.56640625 0.3234375 0.03203125 0.025
1 0.65859375 0.296875 0.02890625 0.025
1 0.7046875 0.27109375 0.02890625 0.02109375
1 0.70078125 0.2953125 0.03046875 0.02578125
1 0.90859375 0.42421875 0.02734375 0.02421875
1 0.83984375 0.42578125 0.03046875 0.0234375
1 0.85234375 0.4640625 0.03046875 0.021875