1 0.4484375 0.53359375 0.0078125 0.0203125
1 0.4578125 0.54140625 0.00859375 0.02421875
1 0.46796875 0.53125 0.00859375 0.021875
1 0.47734375 0.53671875 0.00703125 0.02421875
1 0.4875 0.53359375 0.0078125 0.02421875
0 0.51015625 0.56015625 0.01875 0.0140625
1 0.53828125 0.56171875 0.01796875 0.01171875
1 0.5609375 0.56171875 0.0171875 0.01015625
1 0.58828125 0.5640625 0.0171875 0.01171875
1 0.71875 0.63515625 0.01796875 0.0203125
1 0.53671875 0.75 0.01796875 0.0125
0 0.64765625 0.8390625 0.02109375 0.0296875
0 0.59375 0.72421875 0.02421875 0.015625