1 0.096875 0.5671875 0.0421875 0.034375
1 0.12421875 0.4671875 0.03515625 0.03125
1 0.365625 0.45 0.0328125 0.03046875
1 0.446875 0.44453125 0.03359375 0.0453125
1 0.54140625 0.39609375 0.0171875 0.0515625
1 0.54609375 0.190625 0.015625 0.05859375
1 0.65546875 0.5546875 0.034375 0.0359375
1 0.72578125 0.57265625 0.03125 0.028125
1 0.4171875 0.64921875 0.0359375 0.025
1 0.3375 0.65 0.0375 0.0265625
1 0.3171875 0.56953125 0.03359375 0.0265625
1 0.60234375 0.90859375 0.02109375 0.0640625
1 0.73828125 0.53046875 0.03125 0.028125
1 0.77734375 0.52890625 0.03515625 0.03046875
1 0.73671875 0.49375 0.03046875 0.02421875
1 0.7765625 0.490625 0.03359375 0.03125
1 0.81640625 0.490625 0.034375 0.025
1 0.86015625 0.4890625 0.0375 0.025
1 0.9015625 0.48359375 0.03671875 0.028125
1 0.7390625 0.45625 0.03359375 0.028125
1 0.78125 0.45625 0.034375 0.03046875
1 0.825 0.45625 0.03828125 0.028125
1 0.8640625 0.45390625 0.03515625 0.025
1 0.9515625 0.4828125 0.040625 0.03046875
1 0.91796875 0.51796875 0.03359375 0.02734375
1 0.9609375 0.51328125 0.0359375 0.02734375
2 0.50390625 0.32421875 0.03671875 0.09140625
0 0.36640625 0.571875 0.040625 0.03046875
0 0.528125 0.146875 0.01953125 0.06953125
0 0.85078125 0.52578125 0.08828125 0.0375
0 0.32265625 0.61015625 0.11015625 0.0421875