1 0.16953125 0.625 0.04296875 0.0609375
0 0.1296875 0.690625 0.11953125 0.0859375
1 0.02421875 0.7390625 0.04609375 0.05
1 0.20859375 0.64921875 0.04140625 0.0453125
1 0.26015625 0.625 0.04921875 0.04453125
1 0.22578125 0.590625 0.0421875 0.04921875
1 0.28984375 0.559375 0.046875 0.046875
1 0.5046875 0.70625 0.028125 0.07109375
1 0.58515625 0.66640625 0.02734375 0.0734375
1 0.553125 0.8109375 0.01953125 0.07890625
1 0.528125 0.859375 0.01953125 0.0734375
1 0.8640625 0.45078125 0.04296875 0.03828125
1 0.7875 0.44140625 0.046875 0.0390625
1 0.79140625 0.4890625 0.04140625 0.03671875
1 0.321875 0.65859375 0.04140625 0.03984375