0 0.57734375 0.48828125 0.12646484375 0.12646484375
0 0.359375 0.6984375 0.13134765625 0.13037109375
1 0.54296875 0.78125 0.05703125 0.0578125
1 0.58125 0.70546875 0.0599609375 0.059765625
1 0.62890625 0.784375 0.06279296875 0.06298828125
1 0.4921875 0.93359375 0.05537109375 0.05546875
1 0.51640625 0.05859375 0.0486328125 0.0482421875
1 0.64140625 0.4390625 0.0423828125 0.043359375
1 0.753125 0.50703125 0.0443359375 0.0439453125
1 0.753125 0.64375 0.04384765625 0.04365234375
1 0.82890625 0.503125 0.04189453125 0.041015625
1 0.928125 0.49609375 0.0447265625 0.0455078125
1 0.165625 0.50703125 0.0400390625 0.03984375
0 0.78359375 0.46796875 0.04482421875 0.044921875