1 0.29609375 0.80078125 0.0333984375 0.033203125
1 0.4359375 0.8015625 0.04140625 0.04130859375
1 0.15078125 0.93828125 0.03818359375 0.03046875
1 0.3015625 0.9421875 0.04287109375 0.0431640625
1 0.359375 0.94453125 0.04462890625 0.03681640625
1 0.3171875 0.8984375 0.03916015625 0.0392578125
1 0.3640625 0.90234375 0.0388671875 0.03525390625
1 0.80234375 0.79921875 0.041015625 0.0412109375
1 0.6046875 0.5171875 0.03203125 0.0322265625
1 0.63046875 0.27890625 0.02978515625 0.05146484375
1 0.5828125 0.45546875 0.04423828125 0.04345703125
1 0.55625 0.4578125 0.0333984375 0.033984375
1 0.534375 0.47265625 0.0375 0.03671875
1 0.5390625 0.40703125 0.03984375 0.0396484375
1 0.56328125 0.3875 0.04453125 0.04462890625
1 0.5859375 0.37421875 0.0400390625 0.03955078125
1 0.58828125 0.30546875 0.034375 0.05556640625
1 0.54375 0.3359375 0.030859375 0.059765625
1 0.55078125 0.271875 0.01865234375 0.05322265625
1 0.5734375 0.24609375 0.0341796875 0.0333984375
1 0.55546875 0.21171875 0.033203125 0.033203125
1 0.57890625 0.1875 0.0181640625 0.0443359375
1 0.5703125 0.3015625 0.027734375 0.04921875
1 0.56015625 0.146875 0.0328125 0.0328125
1 0.58359375 0.1375 0.0267578125 0.044921875
1 0.58515625 0.08515625 0.0390625 0.0390625
1 0.58984375 0.028125 0.03876953125 0.0384765625
0 0.56640625 0.07734375 0.059375 0.059375
0 0.52890625 0.1609375 0.05341796875 0.05439453125
0 0.78671875 0.84140625 0.0921875 0.0431640625