1 0.578125 0.84140625 0.03798828125 0.03779296875
1 0.1734375 0.5671875 0.18427734375 0.18427734375
1 0.5890625 0.63203125 0.0166015625 0.02978515625
0 0.5078125 0.7203125 0.0427734375 0.0427734375
0 0.51953125 0.58359375 0.02734375 0.0515625
0 0.578125 0.390625 0.0291015625 0.02890625
1 0.58984375 0.5171875 0.01953125 0.0193359375
1 0.58984375 0.43671875 0.0189453125 0.01875
1 0.590625 0.27421875 0.0095703125 0.01875
1 0.6109375 0.30625 0.00712890625 0.0185546875
1 0.5921875 0.35703125 0.0169921875 0.0171875