1 0.01875 0.5046875 0.03515625 0.02421875
1 0.1375 0.49609375 0.0359375 0.0265625
1 0.33828125 0.521875 0.0328125 0.02578125
1 0.3515625 0.48671875 0.03125 0.02578125
1 0.43671875 0.48203125 0.03125 0.025
1 0.55625 0.47578125 0.03125 0.0265625
1 0.52734375 0.53828125 0.02421875 0.04453125
1 0.42578125 0.59296875 0.0234375 0.05
1 0.45390625 0.7359375 0.01640625 0.0640625
1 0.48359375 0.72890625 0.01640625 0.06015625
1 0.48671875 0.8203125 0.01640625 0.059375
1 0.49296875 0.95859375 0.015625 0.06328125
1 0.90390625 0.4203125 0.02890625 0.02578125
1 0.84296875 0.4265625 0.03046875 0.021875
1 0.7484375 0.43125 0.03203125 0.021875
1 0.6828125 0.4359375 0.03515625 0.0296875
0 0.559375 0.403125 0.0984375 0.04375