1 0.04140625 0.30859375 0.03759765625 0.0375
0 0.16875 0.36953125 0.076171875 0.075
1 0.1375 0.47265625 0.0359375 0.02734375
1 0.17578125 0.50078125 0.0337890625 0.02734375
1 0.27578125 0.471875 0.02939453125 0.029296875
1 0.31796875 0.50078125 0.0375 0.0375
1 0.359375 0.46875 0.03291015625 0.0265625
1 0.3953125 0.515625 0.03984375 0.03984375
1 0.4453125 0.6015625 0.0380859375 0.0380859375
1 0.4421875 0.75390625 0.04482421875 0.04580078125
1 0.4890625 0.66640625 0.01708984375 0.05146484375
1 0.49140625 0.7609375 0.04189453125 0.04111328125
1 0.4953125 0.84296875 0.04423828125 0.04501953125
1 0.4984375 0.93984375 0.060546875 0.06064453125
1 0.546875 0.51171875 0.0419921875 0.0421875
1 0.5265625 0.4390625 0.0359375 0.033984375
1 0.4921875 0.334375 0.038671875 0.039453125
1 0.86875 0.4203125 0.03037109375 0.03046875
1 0.82578125 0.41875 0.0302734375 0.029296875
1 0.81171875 0.4546875 0.03046875 0.03037109375
1 0.69765625 0.459375 0.03583984375 0.025
1 0.721875 0.42890625 0.0279296875 0.028125
0 0.78203125 0.41484375 0.03828125 0.03828125
0 0.8296875 0.3546875 0.0828125 0.0818359375
1 0.8140625 0.30703125 0.030859375 0.0251953125