1 0.8375 0.80078125 0.02958984375 0.0296875
1 0.84296875 0.78515625 0.0205078125 0.0205078125
1 0.89609375 0.75546875 0.0171875 0.03359375
1 0.9296875 0.7375 0.017578125 0.0291015625
1 0.93984375 0.734375 0.02314453125 0.0224609375
1 0.946875 0.72734375 0.02607421875 0.026171875
1 0.9140625 0.809375 0.01865234375 0.01865234375
1 0.91953125 0.82265625 0.0205078125 0.020703125
1 0.925 0.8375 0.01875 0.01875
1 0.9640625 0.8171875 0.0203125 0.02041015625
1 0.9703125 0.7796875 0.02177734375 0.02177734375
1 0.9734375 0.71484375 0.0185546875 0.028125
1 0.98203125 0.7109375 0.0228515625 0.022265625
1 0.928125 0.9046875 0.0203125 0.02021484375
0 0.925 0.88984375 0.028515625 0.02841796875
1 0.93515625 0.865625 0.02109375 0.0212890625
1 0.91171875 0.86328125 0.019140625 0.01923828125
1 0.96640625 0.9390625 0.0205078125 0.0205078125
1 0.90625 0.971875 0.02021484375 0.0203125
1 0.978125 0.98046875 0.020703125 0.0296875
1 0.9640625 0.98515625 0.022265625 0.023046875
0 0.9765625 0.84375 0.0283203125 0.021875
1 0.98125 0.85859375 0.0197265625 0.01953125
1 0.9890625 0.82109375 0.01845703125 0.01923828125