1 0.35390625 0.89609375 0.01015625 0.028125
1 0.37265625 0.9 0.009375 0.025
1 0.38984375 0.8625 0.0109375 0.0265625
1 0.39375 0.75859375 0.00859375 0.01796875
1 0.38359375 0.734375 0.00859375 0.01953125
1 0.46875 0.7609375 0.009375 0.02265625
1 0.471875 0.81484375 0.009375 0.02421875
1 0.478125 0.9265625 0.009375 0.03359375
1 0.4796875 0.9625 0.0109375 0.0296875
1 0.440625 0.796875 0.0171875 0.0140625
1 0.43984375 0.809375 0.01796875 0.01171875
1 0.43984375 0.82734375 0.01640625 0.01484375
1 0.440625 0.83984375 0.01875 0.0140625
1 0.4390625 0.85234375 0.01796875 0.0125
1 0.44140625 0.86328125 0.01875 0.01328125
1 0.44140625 0.87421875 0.021875 0.015625
1 0.440625 0.8875 0.0203125 0.015625
1 0.440625 0.89921875 0.0203125 0.0140625
1 0.440625 0.91171875 0.02265625 0.0203125
1 0.44140625 0.9375 0.02265625 0.015625
1 0.4421875 0.95078125 0.02109375 0.01796875
0 0.47265625 0.84453125 0.009375 0.0296875
1 0.4421875 0.97734375 0.02109375 0.01796875
1 0.4421875 0.96484375 0.0203125 0.015625
1 0.33671875 0.75703125 0.0140625 0.01875
1 0.33984375 0.74375 0.01640625 0.01796875
1 0.3390625 0.734375 0.015625 0.015625
1 0.33984375 0.725 0.01640625 0.01484375
1 0.34375 0.709375 0.0171875 0.015625
0 0.4671875 0.7359375 0.00859375 0.0234375
1 0.46640625 0.71640625 0.0078125 0.01875
1 0.46484375 0.69765625 0.00625 0.01484375
1 0.4640625 0.68046875 0.00703125 0.01796875
1 0.46328125 0.6625 0.00703125 0.01796875
1 0.4609375 0.634375 0.00703125 0.015625
1 0.46015625 0.61953125 0.00703125 0.01640625
1 0.459375 0.60234375 0.00703125 0.01484375
1 0.38984375 0.609375 0.00703125 0.0140625
1 0.39609375 0.6859375 0.00703125 0.015625
1 0.36875 0.63203125 0.00625 0.015625
0 0.40234375 0.5796875 0.00703125 0.015625
1 0.38515625 0.540625 0.0046875 0.0140625
1 0.40390625 0.51640625 0.00546875 0.01171875
1 0.3984375 0.4828125 0.00546875 0.009375
1 0.39765625 0.50625 0.0046875 0.01171875
1 0.459375 0.58984375 0.00625 0.0125
1 0.45859375 0.57578125 0.00625 0.0140625
1 0.44140625 0.53984375 0.00625 0.01484375
1 0.4609375 0.534375 0.01015625 0.01015625
1 0.4609375 0.52890625 0.0109375 0.00859375
1 0.44296875 0.5203125 0.00703125 0.01171875
1 0.4421875 0.51015625 0.00546875 0.01015625
1 0.4421875 0.5015625 0.00546875 0.0109375
1 0.4421875 0.48125 0.0046875 0.0109375
1 0.4015625 0.4046875 0.00546875 0.01015625
1 0.4015625 0.428125 0.00546875 0.009375
1 0.58203125 0.6515625 0.0125 0.0140625
1 0.59765625 0.64921875 0.00859375 0.0171875
1 0.60546875 0.64609375 0.009375 0.01640625
1 0.59765625 0.6359375 0.00703125 0.0171875
1 0.58984375 0.6359375 0.00625 0.01484375
1 0.57890625 0.64296875 0.01328125 0.0125
1 0.578125 0.6375 0.0125 0.01171875
1 0.59140625 0.61796875 0.009375 0.0140625
1 0.578125 0.625 0.01328125 0.0140625