1 0.24609375 0.46875 0.0455078125 0.04609375
1 0.271875 0.59296875 0.0486328125 0.03984375
1 0.27578125 0.63984375 0.03994140625 0.03974609375
1 0.353125 0.43359375 0.0466796875 0.0451171875
1 0.5015625 0.52890625 0.05224609375 0.05234375
0 0.49765625 0.2875 0.06357421875 0.0642578125
1 0.40234375 0.71015625 0.04931640625 0.05166015625
1 0.51484375 0.74375 0.0314453125 0.0796875
1 0.75234375 0.46953125 0.047265625 0.047265625
1 0.75390625 0.51875 0.04921875 0.0404296875
1 0.8109375 0.50703125 0.04404296875 0.04423828125
1 0.8125 0.46640625 0.04833984375 0.04228515625
1 0.8765625 0.46796875 0.05009765625 0.03974609375
1 0.86640625 0.5109375 0.04111328125 0.04033203125
1 0.91953125 0.50859375 0.04287109375 0.04306640625
1 0.91953125 0.55625 0.0416015625 0.041015625
0 0.825 0.55703125 0.11240234375 0.04677734375
1 0.9546875 0.46640625 0.0494140625 0.0498046875
1 0.96953125 0.5125 0.05009765625 0.04384765625