0 0.4754657671875 0.41453837499999996 0.44481813593749997 0.4773024453125 0.4800480734375 0.47709849843749996 0.5040640015625 0.41588952343749996 0.5035506828125 0.4151284984375 0.47613534218750003 0.41408674218749997 0.4754657671875 0.41453837499999996
0 0.3904313171875 0.4080220265625 0.3896456875 0.40760430000000003 0.3554877453125 0.4407836265625 0.3713629875 0.452742078125 0.3761351046875 0.45527945625 0.40838817812499995 0.42942831249999996 0.40969329375 0.42697374843749997 0.3904313171875 0.4080220265625
0 0.2750903515625 0.439807834375 0.24181301562500002 0.4728332078125 0.256935228125 0.48407200625 0.287047678125 0.4563254921875 0.2877464109375 0.4548928796875 0.2750903515625 0.439807834375
0 0.228935575 0.44957160625 0.2330639828125 0.43266558125000004 0.1907051890625 0.42278670468749996 0.182498903125 0.4438333515625 0.1849076046875 0.4455199421875 0.226340565625 0.4532776625 0.228935575 0.44957160625
0 0.14394775625 0.416963375 0.1450156453125 0.4136767484375 0.1340790375 0.3593290328125 0.13248880937500002 0.3588123359375 0.1145734015625 0.37430345625 0.12845969375 0.4222815046875 0.129809971875 0.4227202359375 0.14394775625 0.416963375
2 0.330049365625 0.361428846875 0.33154676250000004 0.3597658203125 0.3323733265625 0.3176336859375 0.302732175 0.30987631250000003 0.30132098281249997 0.3114436 0.3023163265625 0.3620245328125 0.305031478125 0.3644692671875 0.330049365625 0.361428846875
1 0.55390625 0.50703125 0.0330078125 0.03203125
1 0.6421875 0.41484375 0.02451171875 0.02392578125
1 0.50859375 0.55625 0.0125 0.04375
0 0.503125 0.69453125 0.01806640625 0.0953125
0 0.4046875 0.52578125 0.04833984375 0.03583984375
0 0.4546875 0.52578125 0.039453125 0.0388671875
1 0.38828125 0.47109375 0.0271484375 0.02890625
1 0.40390625 0.45625 0.012890625 0.01328125
1 0.4046875 0.5046875 0.0216796875 0.0216796875
1 0.4046875 0.48828125 0.016796875 0.016796875
1 0.42265625 0.39140625 0.02392578125 0.023828125
1 0.41796875 0.4125 0.0203125 0.0212890625
1 0.384375 0.50390625 0.0177734375 0.0171875
1 0.35859375 0.4609375 0.02060546875 0.0208984375
1 0.571875 0.5578125 0.022265625 0.023828125
1 0.5 0.47421875 0.028125 0.027734375