0 0.053125 0.31875 0.08984375 0.04755859375
0 0.26796875 0.403125 0.125 0.12490234375
0 0.66328125 0.365625 0.1017578125 0.057421875
0 0.26171875 0.50859375 0.0517578125 0.03515625
0 0.4625 0.40546875 0.046484375 0.0638671875
1 0.06953125 0.48359375 0.03115234375 0.03134765625
1 0.1703125 0.48046875 0.031640625 0.0283203125
1 0.215625 0.48828125 0.0361328125 0.0328125
1 0.134375 0.3515625 0.03349609375 0.0265625
1 0.309375 0.33046875 0.0298828125 0.0259765625
1 0.48984375 0.28125 0.0275390625 0.0275390625
1 0.75078125 0.2640625 0.0296875 0.0296875
1 0.703125 0.29140625 0.03515625 0.0310546875
1 0.66328125 0.29140625 0.03125 0.02822265625
1 0.609375 0.29296875 0.03037109375 0.02744140625
1 0.56953125 0.29296875 0.02724609375 0.028125
1 0.56796875 0.3171875 0.02890625 0.030078125
1 0.65703125 0.47421875 0.03212890625 0.02744140625
1 0.74375 0.43046875 0.02626953125 0.026953125
1 0.90078125 0.41796875 0.03212890625 0.028125
1 0.853125 0.4265625 0.02978515625 0.0298828125
1 0.31484375 0.4765625 0.025 0.025390625
1 0.3671875 0.47578125 0.0306640625 0.0296875
1 0.40078125 0.52421875 0.03330078125 0.033203125
1 0.4484375 0.62421875 0.04365234375 0.04375
1 0.50625 0.55625 0.0373046875 0.0375
1 0.459375 0.7921875 0.03994140625 0.03818359375
0 0.121875 0.48125 0.0443359375 0.0361328125