1 0.04140625 0.30859375 0.03447265625 0.03359375
0 0.16875 0.36953125 0.108984375 0.065625
1 0.1375 0.47265625 0.0359375 0.0359375
1 0.17578125 0.50078125 0.02978515625 0.0296875
1 0.27578125 0.471875 0.0318359375 0.031640625
1 0.31796875 0.50078125 0.034375 0.02890625
1 0.359375 0.46875 0.03291015625 0.0265625
1 0.3953125 0.515625 0.0390625 0.0390625
1 0.4453125 0.6015625 0.0326171875 0.0482421875
1 0.4421875 0.75390625 0.0333984375 0.0580078125
1 0.4890625 0.66640625 0.0208984375 0.0521484375
1 0.49140625 0.7609375 0.02119140625 0.05712890625
1 0.4953125 0.84296875 0.0443359375 0.0451171875
1 0.4984375 0.93984375 0.060546875 0.06064453125
1 0.546875 0.51171875 0.0396484375 0.05
1 0.5265625 0.4390625 0.03359375 0.033203125
1 0.4921875 0.334375 0.0310546875 0.0392578125
1 0.86875 0.4203125 0.03349609375 0.03359375
1 0.82578125 0.41875 0.03212890625 0.025
1 0.81171875 0.4546875 0.03515625 0.0302734375
1 0.69765625 0.459375 0.0314453125 0.032421875
1 0.721875 0.42890625 0.0294921875 0.0296875
0 0.78203125 0.41484375 0.040625 0.040625
0 0.8296875 0.3546875 0.0828125 0.0826171875
1 0.8140625 0.30703125 0.029296875 0.0212890625