1 0.059375 0.49375 0.0484375 0.0359375
1 0.2671875 0.5125 0.04453125 0.03046875
0 0.32734375 0.6921875 0.16796875 0.0546875
0 0.578125 0.55703125 0.02890625 0.184375
1 0.640625 0.43828125 0.03515625 0.04140625
1 0.7 0.65625 0.03984375 0.04453125
1 0.75703125 0.50625 0.040625 0.03359375
1 0.84453125 0.5015625 0.03984375 0.03125
0 0.828125 0.46484375 0.040625 0.0296875
1 0.96015625 0.4953125 0.04296875 0.03125
1 0.58671875 0.8 0.02265625 0.0796875
1 0.490625 0.85703125 0.03125 0.075
1 0.56015625 0.91171875 0.025 0.08125
1 0.6234375 0.86484375 0.021875 0.0796875
1 0.515625 0.05625 0.02109375 0.08203125