0 0.24296875 0.3921875 0.0421875 0.03359375
0 0.27039930624999997 0.4729938265625 0.31684027812500004 0.5061728390625 0.3177083328125 0.4753086421875 0.28211805624999997 0.4591049375 0.27039930624999997 0.4729938265625
2 0.5203125 0.14375 0.0171875 0.0875
2 0.52421875 0.078125 0.01328125 0.0390625
1 0.63984375 0.41796875 0.01875 0.01875
1 0.73125 0.43828125 0.025 0.0203125
1 0.6359375 0.43984375 0.0140625 0.021875
1 0.6640625 0.42421875 0.021875 0.0203125
1 0.65859375 0.44453125 0.0125 0.01484375
1 0.59140625 0.55390625 0.0171875 0.01875
1 0.56640625 0.559375 0.0234375 0.021875
1 0.50546875 0.584375 0.015625 0.034375
1 0.5015625 0.65078125 0.0109375 0.02890625
1 0.5015625 0.70625 0.009375 0.03125
0 0.49921875 0.85546875 0.01171875 0.084375
0 0.4828125 0.96015625 0.01875 0.0796875
1 0.35 0.46171875 0.02109375 0.0171875
1 0.40234375 0.4890625 0.0203125 0.01953125
1 0.3140625 0.4453125 0.0234375 0.021875
1 0.234375 0.421875 0.03125 0.01875
1 0.5109375 0.30078125 0.01796875 0.0296875