1 0.103125 0.746875 0.04296875 0.0390625
1 0.14609375 0.67421875 0.04609375 0.04375
0 0.27578125 0.63125 0.06484375 0.05390625
0 0.68515625 0.56875 0.10859375 0.05703125
1 0.5921875 0.51953125 0.03984375 0.03359375
1 0.48828125 0.54921875 0.0375 0.03203125
1 0.7875 0.37734375 0.04296875 0.034375
1 0.7890625 0.43125 0.04765625 0.040625
1 0.78046875 0.48828125 0.040625 0.03359375
1 0.83125 0.4953125 0.040625 0.03359375
1 0.84453125 0.453125 0.04296875 0.03671875
1 0.8859375 0.409375 0.05078125 0.03984375
1 0.9 0.45859375 0.04296875 0.03515625
1 0.83359375 0.390625 0.0375 0.0359375
1 0.94140625 0.41796875 0.04296875 0.03828125
1 0.96015625 0.4765625 0.04609375 0.03984375
2 0.96640625 0.53046875 0.0640625 0.05
1 0.5265625 0.93359375 0.01796875 0.075