1 0.58984375 0.05625 0.01875 0.01884765625
1 0.61171875 0.0546875 0.01669921875 0.01611328125
1 0.634375 0.0515625 0.015625 0.015625
1 0.65390625 0.05078125 0.020703125 0.020703125
1 0.6859375 0.0515625 0.02431640625 0.02412109375
1 0.6234375 0.1265625 0.01796875 0.01796875
0 0.84921875 0.128125 0.05703125 0.042578125
1 0.925 0.03203125 0.01748046875 0.01689453125
1 0.95625 0.05234375 0.0189453125 0.0193359375
1 0.93203125 0.053125 0.0177734375 0.0173828125
1 0.96953125 0.06875 0.0185546875 0.01640625
1 0.92734375 0.14296875 0.01767578125 0.017578125
1 0.40859375 0.2375 0.01796875 0.0177734375
1 0.4609375 0.31796875 0.01943359375 0.01953125
1 0.48046875 0.37578125 0.0173828125 0.0173828125
1 0.484375 0.4515625 0.021875 0.0216796875
1 0.4859375 0.4859375 0.011328125 0.02578125
1 0.48671875 0.525 0.0177734375 0.01875
1 0.3765625 0.45390625 0.0158203125 0.015234375
1 0.37734375 0.465625 0.01875 0.01259765625
1 0.37734375 0.4796875 0.01640625 0.012109375
1 0.378125 0.49296875 0.01748046875 0.017578125
1 0.378125 0.50703125 0.0193359375 0.0142578125
1 0.37890625 0.5203125 0.0140625 0.01484375
1 0.3796875 0.534375 0.0185546875 0.0142578125
1 0.384375 0.54921875 0.019140625 0.0189453125
1 0.490625 0.62578125 0.02001953125 0.01904296875
1 0.496875 0.78671875 0.01953125 0.01953125
1 0.49921875 0.82421875 0.0232421875 0.0232421875
0 0.503125 0.9015625 0.0220703125 0.021875
1 0.49609375 0.9671875 0.0244140625 0.0251953125
1 0.44375 0.95625 0.02109375 0.0208984375
1 0.6671875 0.9796875 0.022265625 0.021875
1 0.68125 0.953125 0.0203125 0.022265625
1 0.71328125 0.9609375 0.01953125 0.01953125
1 0.734375 0.959375 0.02119140625 0.01865234375
1 0.69375 0.98671875 0.015625 0.02353515625
0 0.02421875 0.128125 0.0427734375 0.03671875
1 0.009375 0.096875 0.0134765625 0.01337890625
1 0.096875 0.140625 0.01884765625 0.01259765625
1 0.17578125 0.134375 0.022265625 0.02158203125