0 0.27578125 0.5015625 0.0517578125 0.0515625
0 0.36484375 0.50078125 0.05009765625 0.04296875
1 0.4328125 0.56328125 0.04140625 0.042578125
1 0.4453125 0.70859375 0.03779296875 0.03798828125
1 0.49375 0.69453125 0.0369140625 0.0376953125
1 0.4921875 0.771875 0.0470703125 0.04697265625
1 0.4984375 0.89296875 0.046875 0.047265625
0 0.44453125 0.9609375 0.0521484375 0.0517578125
1 0.21953125 0.51015625 0.03671875 0.0265625
1 0.1609375 0.51171875 0.031640625 0.0322265625
1 0.06015625 0.52109375 0.0390625 0.03359375
1 0.77109375 0.4515625 0.032421875 0.031640625
1 0.9078125 0.42421875 0.03583984375 0.02890625
0 0.578125 0.31328125 0.03515625 0.03515625