0 0.13984375 0.63359375 0.13701171875 0.137109375
1 0.21015625 0.57578125 0.04140625 0.04140625
1 0.265625 0.58203125 0.0455078125 0.040625
1 0.26328125 0.63671875 0.04453125 0.0435546875
1 0.50859375 0.565625 0.04375 0.0712890625
1 0.53046875 0.38203125 0.0580078125 0.0576171875
1 0.61796875 0.40234375 0.0484375 0.04853515625
1 0.47734375 0.18203125 0.05390625 0.05390625
1 0.5125 0.11796875 0.05263671875 0.05361328125
0 0.85078125 0.6203125 0.04765625 0.0474609375
1 0.7546875 0.45625 0.0412109375 0.0421875
1 0.75234375 0.496875 0.04013671875 0.04033203125
1 0.76328125 0.53984375 0.0365234375 0.036328125
1 0.81640625 0.49296875 0.03681640625 0.03681640625
1 0.815625 0.4515625 0.04384765625 0.04384765625
1 0.94140625 0.49140625 0.04150390625 0.04130859375
1 0.88515625 0.484375 0.04765625 0.03837890625
1 0.625 0.85703125 0.0548828125 0.055078125
1 0.53828125 0.921875 0.0640625 0.06416015625
1 0.515625 0.965625 0.04931640625 0.04765625