1 0.4484375 0.53359375 0.0173828125 0.017578125
1 0.4578125 0.54140625 0.01904296875 0.01923828125
1 0.46796875 0.53125 0.01103515625 0.021875
1 0.47734375 0.53671875 0.01787109375 0.01806640625
1 0.4875 0.53359375 0.011328125 0.0236328125
0 0.51015625 0.56015625 0.016796875 0.016796875
1 0.53828125 0.56171875 0.01728515625 0.01181640625
1 0.5609375 0.56171875 0.016796875 0.0130859375
1 0.58828125 0.5640625 0.01875 0.01630859375
1 0.71875 0.63515625 0.02255859375 0.0234375
1 0.53671875 0.75 0.01767578125 0.017578125
0 0.64765625 0.8390625 0.02705078125 0.0279296875
0 0.59375 0.72421875 0.02568359375 0.0171875