1 0.44375 0.64453125 0.047265625 0.04794921875
1 0.51171875 0.83203125 0.05810546875 0.058203125
1 0.7796875 0.53984375 0.05244140625 0.05234375
1 0.45625 0.1609375 0.0478515625 0.048046875
1 0.48125 0.12734375 0.0603515625 0.060546875
1 0.48125 0.0234375 0.03984375 0.0396484375
1 0.05 0.7609375 0.0474609375 0.04775390625
1 0.06171875 0.8125 0.04755859375 0.04619140625
1 0.12421875 0.78671875 0.05380859375 0.0546875
1 0.125 0.734375 0.05224609375 0.05244140625
1 0.17890625 0.709375 0.0505859375 0.051171875
1 0.190625 0.75390625 0.0478515625 0.0439453125
2 0.25625 0.73203125 0.0697265625 0.06484375
1 0.26171875 0.67890625 0.05009765625 0.04912109375
0 0.23671875 0.79375 0.1828125 0.1482421875
0 0.41484375 0.7875 0.131640625 0.13203125