1 0.13984375 0.34140625 0.04775390625 0.0671875
1 0.07578125 0.50546875 0.05078125 0.04140625
1 0.084375 0.5640625 0.05244140625 0.0521484375
1 0.1765625 0.546875 0.03916015625 0.0392578125
1 0.1890625 0.43984375 0.04619140625 0.04150390625
1 0.1890625 0.49375 0.04677734375 0.0470703125
1 0.2828125 0.55 0.046875 0.0466796875
1 0.25078125 0.6375 0.04189453125 0.04111328125
1 0.425 0.53125 0.046484375 0.0466796875
1 0.34140625 0.515625 0.04794921875 0.04736328125
1 0.48203125 0.490625 0.04296875 0.037890625
1 0.4984375 0.54375 0.044921875 0.043359375
1 0.50078125 0.59375 0.04609375 0.0400390625
1 0.5703125 0.51953125 0.0404296875 0.0404296875
1 0.575 0.5640625 0.044140625 0.0427734375
1 0.69375 0.60078125 0.047265625 0.046484375
1 0.96796875 0.6859375 0.05263671875 0.05185546875
2 0.39375 0.575 0.05625 0.05625
0 0.36953125 0.47265625 0.06796875 0.05244140625
0 0.65 0.534375 0.045703125 0.0453125
0 0.7234375 0.5546875 0.06708984375 0.04912109375
1 0.08046875 0.9640625 0.04921875 0.04921875
1 0.10390625 0.953125 0.05390625 0.0541015625
1 0.0265625 0.09296875 0.0455078125 0.078125