1 0.0640625 0.67265625 0.04921875 0.03828125
1 0.19453125 0.6890625 0.046875 0.03515625
1 0.28125 0.63828125 0.04296875 0.03671875
1 0.284375 0.59140625 0.04296875 0.034375
1 0.425 0.73125 0.040625 0.05390625
0 0.825 0.5546875 0.11171875 0.04296875
1 0.74453125 0.515625 0.046875 0.034375
1 0.728125 0.46796875 0.04375 0.03203125
1 0.809375 0.4640625 0.04140625 0.03359375
1 0.8734375 0.46640625 0.04765625 0.03515625
1 0.80625 0.50546875 0.0421875 0.03203125
1 0.865625 0.50703125 0.0421875 0.03046875
1 0.91796875 0.50625 0.04140625 0.02890625
1 0.91875 0.55390625 0.04296875 0.02578125
1 0.975 0.55546875 0.04296875 0.03125
1 0.96875 0.51015625 0.0453125 0.03515625
1 0.95390625 0.4640625 0.04453125 0.03515625