1 0.0328125 0.459375 0.04609375 0.0453125
1 0.27109375 0.596875 0.040234375 0.0412109375
1 0.27421875 0.64375 0.04345703125 0.0439453125
1 0.56953125 0.671875 0.05673828125 0.056640625
1 0.6484375 0.71796875 0.0541015625 0.05419921875
1 0.525 0.41328125 0.0525390625 0.0529296875
1 0.50625 0.20078125 0.03291015625 0.07353515625
1 0.4828125 0.08984375 0.04287109375 0.07490234375
1 0.51328125 0.06953125 0.03828125 0.0697265625
1 0.61796875 0.83671875 0.051171875 0.0513671875
1 0.73359375 0.64609375 0.0453125 0.0453125
1 0.75 0.47578125 0.0490234375 0.04873046875
1 0.75234375 0.5234375 0.0484375 0.03671875
1 0.809375 0.51328125 0.04384765625 0.0359375
1 0.8109375 0.471875 0.0439453125 0.04384765625
1 0.87421875 0.47421875 0.04677734375 0.04775390625
1 0.8640625 0.51640625 0.04169921875 0.04091796875
1 0.9171875 0.515625 0.04462890625 0.0373046875
1 0.96796875 0.51875 0.043359375 0.0443359375