0 0.16015625 0.6421875 0.11875 0.053125
1 0.28515625 0.64296875 0.04453125 0.03203125
1 0.2890625 0.59765625 0.04609375 0.034375
1 0.2234375 0.590625 0.04609375 0.03828125
1 0.16328125 0.5859375 0.040625 0.03359375
0 0.07265625 0.584375 0.05390625 0.03671875
0 0.22421875 0.50546875 0.05234375 0.03671875
1 0.33359375 0.459375 0.040625 0.04375
1 0.571875 0.45859375 0.01796875 0.05859375
1 0.53203125 0.44140625 0.01796875 0.07421875
1 0.4328125 0.37109375 0.03671875 0.07421875
1 0.46953125 0.25234375 0.02265625 0.06953125
1 0.4921875 0.0625 0.02109375 0.07109375
1 0.16328125 0.6890625 0.046875 0.03515625
1 0.68203125 0.61171875 0.03984375 0.0359375
1 0.75625 0.5671875 0.040625 0.03046875
1 0.73125 0.52109375 0.03984375 0.03359375
1 0.74921875 0.4796875 0.0390625 0.0296875
1 0.8 0.48203125 0.0421875 0.03046875
1 0.79375 0.51875 0.04296875 0.03125
1 0.84921875 0.5203125 0.0453125 0.03359375
1 0.90703125 0.51796875 0.04453125 0.03203125