1 0.58984375 0.05625 0.01953125 0.01337890625
1 0.61171875 0.0546875 0.02177734375 0.01650390625
1 0.634375 0.0515625 0.01875 0.01875
1 0.65390625 0.05078125 0.019140625 0.019140625
1 0.6859375 0.0515625 0.02431640625 0.02412109375
1 0.6234375 0.1265625 0.01875 0.0125
0 0.84921875 0.128125 0.05625 0.044140625
1 0.925 0.03203125 0.0193359375 0.0150390625
1 0.95625 0.05234375 0.0216796875 0.0119140625
1 0.93203125 0.053125 0.0189453125 0.0146484375
1 0.96953125 0.06875 0.01787109375 0.0140625
1 0.92734375 0.14296875 0.0185546875 0.018359375
1 0.40859375 0.2375 0.01953125 0.0193359375
1 0.4609375 0.31796875 0.0162109375 0.0171875
1 0.48046875 0.37578125 0.0197265625 0.0197265625
1 0.484375 0.4515625 0.021875 0.021484375
1 0.4859375 0.4859375 0.0162109375 0.01640625
1 0.48671875 0.525 0.0208984375 0.02109375
1 0.3765625 0.45390625 0.0173828125 0.017578125
1 0.37734375 0.465625 0.01796875 0.01806640625
1 0.37734375 0.4796875 0.01484375 0.0150390625
1 0.378125 0.49296875 0.0158203125 0.016015625
1 0.378125 0.50703125 0.01748046875 0.01767578125
1 0.37890625 0.5203125 0.01640625 0.0171875
1 0.3796875 0.534375 0.01474609375 0.01650390625
1 0.384375 0.54921875 0.016015625 0.0166015625
1 0.490625 0.62578125 0.01337890625 0.02724609375
1 0.496875 0.78671875 0.01953125 0.01953125
1 0.49921875 0.82421875 0.0185546875 0.0294921875
0 0.503125 0.9015625 0.02587890625 0.02578125
1 0.49609375 0.9671875 0.0169921875 0.0310546875
1 0.44375 0.95625 0.0171875 0.0271484375
1 0.6671875 0.9796875 0.025390625 0.025
1 0.68125 0.953125 0.02109375 0.023046875
1 0.71328125 0.9609375 0.01953125 0.01953125
1 0.734375 0.959375 0.0212890625 0.0193359375
1 0.69375 0.98671875 0.016796875 0.0177734375
0 0.02421875 0.128125 0.0419921875 0.0328125
1 0.009375 0.096875 0.0126953125 0.01259765625
1 0.096875 0.140625 0.01650390625 0.01650390625
1 0.17578125 0.134375 0.022265625 0.02236328125