0 0.4479166671875 0.4290123453125 0.4830729171875 0.48996913593749997 0.5026041671875 0.4606481484375 0.46484375 0.40586419687499997 0.4479166671875 0.4290123453125
0 0.40972222187499996 0.4290123453125 0.3684895828125 0.4112654328125 0.36024305624999997 0.43904321093750004 0.40581597187499996 0.45370370312499997 0.40972222187499996 0.4290123453125
0 0.2421875 0.4637345671875 0.2864583328125 0.4791666671875 0.28993055624999997 0.4606481484375 0.25043402812500004 0.44521604843749996 0.2421875 0.4637345671875
0 0.18402777812499999 0.43904321093750004 0.2265625 0.4583333328125 0.23220486093749998 0.43518518593750005 0.19184027812499999 0.41898148125 0.18402777812499999 0.43904321093750004
0 0.09982638906249999 0.384259259375 0.15190972187500001 0.41358024687499995 0.16362847187500001 0.3996913578125 0.121527778125 0.371141975 0.09982638906249999 0.384259259375
2 0.28862847187499996 0.3294753078125 0.32899305624999997 0.36728395156250004 0.34375 0.3387345671875 0.3107638890625 0.3101851859375 0.28862847187499996 0.3294753078125
1 0.55390625 0.50703125 0.02734375 0.0296875
1 0.6421875 0.41484375 0.01484375 0.02734375
1 0.50859375 0.55625 0.009375 0.04375
0 0.503125 0.69453125 0.01640625 0.0953125
0 0.4046875 0.52578125 0.04609375 0.02265625
0 0.4546875 0.52578125 0.040625 0.02734375
1 0.38828125 0.47109375 0.02265625 0.025
1 0.40390625 0.45625 0.0140625 0.0078125
1 0.4046875 0.5046875 0.0203125 0.0140625
1 0.4046875 0.48828125 0.01875 0.0140625
1 0.42265625 0.39140625 0.01796875 0.025
1 0.41796875 0.4125 0.0171875 0.01953125
1 0.384375 0.50390625 0.01484375 0.0140625
1 0.35859375 0.4609375 0.02265625 0.0171875
1 0.571875 0.5578125 0.0234375 0.0171875
1 0.5 0.47421875 0.0140625 0.0359375