1 0.578125 0.84140625 0.0142578125 0.0513671875
1 0.1734375 0.5671875 0.1794921875 0.1794921875
1 0.5890625 0.63203125 0.0193359375 0.02001953125
0 0.5078125 0.7203125 0.0404296875 0.0404296875
0 0.51953125 0.58359375 0.036328125 0.036328125
0 0.578125 0.390625 0.0259765625 0.02578125
1 0.58984375 0.5171875 0.01328125 0.0255859375
1 0.58984375 0.43671875 0.01806640625 0.01796875
1 0.590625 0.27421875 0.01416015625 0.0140625
1 0.6109375 0.30625 0.01416015625 0.0138671875
1 0.5921875 0.35703125 0.0177734375 0.01796875