0 0.57734375 0.48828125 0.02578125 0.18515625
0 0.359375 0.6984375 0.16640625 0.06171875
1 0.54296875 0.78125 0.028125 0.08125
1 0.58125 0.70546875 0.02265625 0.0796875
1 0.62890625 0.784375 0.02578125 0.07890625
1 0.4921875 0.93359375 0.02109375 0.078125
1 0.51640625 0.05859375 0.02109375 0.07578125
1 0.64140625 0.4390625 0.03515625 0.04375
1 0.753125 0.50703125 0.04140625 0.03203125
1 0.753125 0.64375 0.04140625 0.03359375
1 0.82890625 0.503125 0.03984375 0.03125
1 0.928125 0.49609375 0.04296875 0.03203125
1 0.165625 0.50703125 0.0453125 0.03125
0 0.78359375 0.46796875 0.04140625 0.034375