1 0.38984375 0.6328125 0.0376953125 0.0384765625
1 0.24375 0.66015625 0.0482421875 0.048046875
1 0.1265625 0.63671875 0.05380859375 0.0546875
1 0.09453125 0.52109375 0.0478515625 0.0556640625
1 0.09921875 0.7109375 0.0498046875 0.0498046875
1 0.265625 0.49453125 0.05595703125 0.056640625
1 0.30625 0.33203125 0.04921875 0.050390625
1 0.259375 0.128125 0.04775390625 0.04775390625
1 0.234375 0.1625 0.0482421875 0.048046875
1 0.31171875 0.0671875 0.0515625 0.0515625
1 0.521875 0.5921875 0.04130859375 0.04130859375
1 0.540625 0.53515625 0.04423828125 0.04423828125
1 0.5453125 0.48984375 0.0453125 0.0421875
1 0.6109375 0.50703125 0.0435546875 0.0431640625
1 0.69375 0.71953125 0.04609375 0.04609375
1 0.71640625 0.5796875 0.04560546875 0.044921875
1 0.6390625 0.61015625 0.038671875 0.03984375
1 0.58203125 0.60078125 0.04228515625 0.04208984375
1 0.5890625 0.5484375 0.0470703125 0.0470703125
1 0.66484375 0.51640625 0.0470703125 0.047265625
1 0.8109375 0.596875 0.04609375 0.04365234375
1 0.89140625 0.61953125 0.04609375 0.0443359375
1 0.965625 0.60078125 0.0517578125 0.05224609375
1 0.97265625 0.653125 0.0513671875 0.0509765625
1 0.8546875 0.56171875 0.04072265625 0.03603515625
1 0.25859375 0.0265625 0.039453125 0.0388671875
2 0.496875 0.6359375 0.06328125 0.062890625
0 0.74140625 0.5203125 0.0630859375 0.063671875
1 0.64296875 0.56328125 0.0423828125 0.0421875