0 0.57421875 0.7359375 0.03046875 0.040625
0 0.54609375 0.928125 0.01796875 0.0640625
1 0.66171875 0.9 0.0140625 0.03359375
1 0.6625 0.8203125 0.0109375 0.03671875
1 0.64609375 0.7828125 0.01171875 0.0328125
1 0.646875 0.70234375 0.01015625 0.02421875
1 0.65859375 0.684375 0.00859375 0.0234375
1 0.66015625 0.72421875 0.009375 0.025
1 0.621875 0.56875 0.0078125 0.02109375
1 0.634375 0.590625 0.00859375 0.021875
1 0.6203125 0.5921875 0.009375 0.021875
1 0.63828125 0.28984375 0.00546875 0.0109375
1 0.646875 0.25390625 0.0046875 0.009375
1 0.6328125 0.2296875 0.00390625 0.009375