0 0.24296875 0.3921875 0.039453125 0.0392578125
0 0.298396296875 0.5065614453125 0.311943578125 0.49931084531250003 0.3127178390625 0.49566823437499996 0.3049581609375 0.46060590625 0.29731406875 0.4589811046875 0.27582715156250004 0.4550417890625 0.2754377484375 0.456873790625 0.2969536109375 0.5062547921875 0.298396296875 0.5065614453125
2 0.5203125 0.14375 0.0525390625 0.05078125
2 0.52421875 0.078125 0.02255859375 0.0384765625
1 0.63984375 0.41796875 0.021875 0.021875
1 0.73125 0.43828125 0.028125 0.02578125
1 0.6359375 0.43984375 0.0208984375 0.02109375
1 0.6640625 0.42421875 0.021484375 0.020703125
1 0.65859375 0.44453125 0.01484375 0.0158203125
1 0.59140625 0.55390625 0.017578125 0.017578125
1 0.56640625 0.559375 0.026171875 0.026171875
1 0.50546875 0.584375 0.0296875 0.0296875
1 0.5015625 0.65078125 0.02421875 0.0228515625
1 0.5015625 0.70625 0.02265625 0.021875
0 0.49921875 0.85546875 0.0142578125 0.084375
0 0.4828125 0.96015625 0.058984375 0.058984375
1 0.35 0.46171875 0.0228515625 0.023046875
1 0.40234375 0.4890625 0.0234375 0.0228515625
1 0.3140625 0.4453125 0.0236328125 0.0234375
1 0.234375 0.421875 0.0328125 0.021875
1 0.5109375 0.30078125 0.0275390625 0.027734375