1 0.4640625 0.31796875 0.015625 0.071875
1 0.49140625 0.2703125 0.01640625 0.06875
1 0.53671875 0.315625 0.01953125 0.07890625
1 0.5734375 0.25546875 0.01953125 0.07421875
1 0.4921875 0.40625 0.01953125 0.0703125
1 0.28828125 0.56328125 0.04453125 0.04375
1 0.165625 0.628125 0.04453125 0.059375
1 0.22265625 0.5953125 0.040625 0.040625
1 0.20625 0.6515625 0.03828125 0.04375
1 0.25703125 0.62578125 0.04609375 0.04609375
1 0.40546875 0.6734375 0.04453125 0.0515625
1 0.54375 0.65625 0.01953125 0.06796875
0 0.46484375 0.53515625 0.02578125 0.18359375
0 0.58203125 0.88828125 0.03046875 0.21953125
1 0.553125 0.89609375 0.01953125 0.07578125
1 0.528125 0.91328125 0.01796875 0.075
1 0.50234375 0.953125 0.01953125 0.07890625