2 0.524915246875 0.303810271875 0.5158720578125 0.2910807609375 0.476737303125 0.3493129671875 0.4811418984375 0.3710731671875 0.4821776671875 0.3713898328125 0.5240984546874999 0.306481875 0.524915246875 0.303810271875
0 0.3984375 0.52109375 0.0341796875 0.0345703125
0 0.38515625 0.4328125 0.0427734375 0.0427734375
0 0.3466728796875 0.483151759375 0.343580840625 0.484097090625 0.3263013359375 0.5061727578124999 0.35520982968750003 0.5299418109375 0.3614524671875 0.528033246875 0.3734375 0.5209174156249999 0.3734375 0.518594303125 0.37156128437499997 0.512457478125 0.3466728796875 0.483151759375
0 0.5221606249999999 0.8217207906249999 0.4709939046875 0.8723291906249999 0.47726338906250004 0.884375 0.4772643578125 0.884375 0.5111689140625 0.8531354437499999 0.53125 0.8337433640624999 0.53125 0.833463409375 0.524824175 0.824478978125 0.5221606249999999 0.8217207906249999
1 0.6375 0.43515625 0.0294921875 0.0216796875
1 0.5078125 0.5890625 0.03984375 0.03984375
1 0.515625 0.62421875 0.028515625 0.0283203125
1 0.5015625 0.6484375 0.02646484375 0.02646484375
1 0.38984375 0.4734375 0.024609375 0.025
1 0.359375 0.46640625 0.0259765625 0.02578125
1 0.4796875 0.38828125 0.0158203125 0.03125
1 0.51484375 0.69921875 0.0109375 0.0375