2 0.53671875 0.47109375 0.04296875 0.04296875
0 0.5703125 0.32109375 0.039453125 0.03984375
0 0.21015625 0.5203125 0.03486328125 0.0341796875
1 0.040625 0.4859375 0.03759765625 0.03759765625
1 0.12890625 0.48828125 0.0400390625 0.034375
1 0.2765625 0.51796875 0.036328125 0.03642578125
1 0.353125 0.515625 0.03369140625 0.03369140625
1 0.415625 0.54375 0.04052734375 0.0484375
1 0.4546875 0.65546875 0.0431640625 0.04296875
1 0.49453125 0.70234375 0.03974609375 0.03984375
1 0.49921875 0.9015625 0.0431640625 0.0435546875
1 0.49296875 0.78125 0.0302734375 0.0572265625
1 0.47265625 0.86015625 0.04072265625 0.03984375
1 0.62578125 0.44921875 0.03515625 0.03515625
1 0.9078125 0.43203125 0.0365234375 0.03046875
1 0.8671875 0.43828125 0.02900390625 0.0234375
0 0.7078125 0.371875 0.08447265625 0.084375