0 0.053125 0.31875 0.0875 0.04052734375
0 0.26796875 0.403125 0.12265625 0.1216796875
0 0.66328125 0.365625 0.0794921875 0.0796875
0 0.26171875 0.50859375 0.0466796875 0.046484375
0 0.4625 0.40546875 0.0537109375 0.05341796875
1 0.06953125 0.48359375 0.03583984375 0.02431640625
1 0.1703125 0.48046875 0.02890625 0.0279296875
1 0.215625 0.48828125 0.033203125 0.028125
1 0.134375 0.3515625 0.03115234375 0.03203125
1 0.309375 0.33046875 0.03212890625 0.02900390625
1 0.48984375 0.28125 0.03076171875 0.02998046875
1 0.75078125 0.2640625 0.0296875 0.02421875
1 0.703125 0.29140625 0.030859375 0.0314453125
1 0.66328125 0.29140625 0.03203125 0.0291015625
1 0.609375 0.29296875 0.03193359375 0.02900390625
1 0.56953125 0.29296875 0.03115234375 0.0234375
1 0.56796875 0.3171875 0.03125 0.0314453125
1 0.65703125 0.47421875 0.0306640625 0.0306640625
1 0.74375 0.43046875 0.03017578125 0.030078125
1 0.90078125 0.41796875 0.0279296875 0.027734375
1 0.853125 0.4265625 0.03134765625 0.0283203125
1 0.31484375 0.4765625 0.0296875 0.0298828125
1 0.3671875 0.47578125 0.02900390625 0.02890625
1 0.40078125 0.52421875 0.03056640625 0.034375
1 0.4484375 0.62421875 0.0435546875 0.04375
1 0.50625 0.55625 0.02099609375 0.05078125
1 0.459375 0.7921875 0.0447265625 0.0435546875
0 0.121875 0.48125 0.04052734375 0.04072265625