0 0.0671875 0.7109375 0.1294921875 0.1037109375
0 0.38828125 0.46328125 0.15537109375 0.15625
1 0.0984375 0.63828125 0.05390625 0.0537109375
1 0.16484375 0.61015625 0.0419921875 0.0423828125
1 0.1578125 0.66796875 0.047265625 0.0466796875
1 0.2234375 0.6390625 0.048046875 0.04765625
1 0.240625 0.5859375 0.0513671875 0.0515625
1 0.30859375 0.546875 0.0443359375 0.04296875
1 0.27734375 0.61875 0.0421875 0.0458984375
1 0.5046875 0.63828125 0.0515625 0.051953125
1 0.55625 0.22109375 0.0470703125 0.0478515625
1 0.78828125 0.4875 0.0435546875 0.0435546875
1 0.8390625 0.490625 0.0392578125 0.03916015625
1 0.4390625 0.04453125 0.04609375 0.0466796875