1 0.17109375 0.48515625 0.03359375 0.021875
1 0.24921875 0.48671875 0.03671875 0.02421875
1 0.2078125 0.51875 0.03359375 0.0265625
1 0.3515625 0.51953125 0.03125 0.02578125
1 0.32421875 0.4859375 0.03359375 0.025
1 0.40859375 0.48125 0.03125 0.02421875
1 0.35859375 0.3515625 0.03046875 0.025
1 0.509375 0.28671875 0.03203125 0.02578125
1 0.49609375 0.3515625 0.02578125 0.03828125
0 0.4828125 0.32578125 0.0328125 0.02890625
0 0.5640625 0.446875 0.03671875 0.034375
0 0.57734375 0.38046875 0.1 0.04140625
1 0.4859375 0.46875 0.02734375 0.0234375
1 0.43359375 0.57734375 0.028125 0.05078125
1 0.51875 0.6109375 0.01796875 0.053125
1 0.54375 0.5359375 0.02578125 0.04296875
0 0.46171875 0.94921875 0.02109375 0.096875
1 0.45390625 0.7140625 0.0171875 0.06328125
1 0.49140625 0.68359375 0.0140625 0.0484375
1 0.4921875 0.7796875 0.0140625 0.059375
1 0.496875 0.8609375 0.0140625 0.065625
1 0.49921875 0.95546875 0.01796875 0.0765625
1 0.871875 0.4390625 0.02734375 0.02421875
1 0.82734375 0.4390625 0.03046875 0.02421875
1 0.78046875 0.49921875 0.03046875 0.02421875