1 0.44375 0.64453125 0.056640625 0.0572265625
1 0.51171875 0.83203125 0.0427734375 0.07421875
1 0.7796875 0.53984375 0.05166015625 0.0515625
1 0.45625 0.1609375 0.03291015625 0.0658203125
1 0.48125 0.12734375 0.05732421875 0.057421875
1 0.48125 0.0234375 0.03515625 0.0349609375
1 0.05 0.7609375 0.052734375 0.0533203125
1 0.06171875 0.8125 0.0517578125 0.0521484375
1 0.12421875 0.78671875 0.04833984375 0.05
1 0.125 0.734375 0.05146484375 0.05166015625
1 0.17890625 0.709375 0.0505859375 0.051171875
1 0.190625 0.75390625 0.04736328125 0.04814453125
2 0.25625 0.73203125 0.0794921875 0.079296875
1 0.26171875 0.67890625 0.04228515625 0.04521484375
0 0.23671875 0.79375 0.1390625 0.1380859375
0 0.41484375 0.7875 0.1296875 0.138671875