1 0.44375 0.64453125 0.0375 0.05703125
1 0.51171875 0.83203125 0.02265625 0.075
1 0.7796875 0.53984375 0.04453125 0.04375
1 0.45625 0.1609375 0.01953125 0.0671875
1 0.48125 0.12734375 0.02109375 0.0796875
1 0.48125 0.0234375 0.021875 0.04609375
1 0.05 0.7609375 0.0484375 0.04453125
1 0.06171875 0.8125 0.04453125 0.04453125
1 0.12421875 0.78671875 0.04765625 0.05
1 0.125 0.734375 0.04296875 0.04453125
1 0.17890625 0.709375 0.04140625 0.0421875
1 0.190625 0.75390625 0.04765625 0.04296875
2 0.25625 0.73203125 0.06953125 0.0640625
1 0.26171875 0.67890625 0.04296875 0.04453125
0 0.23671875 0.79375 0.165625 0.11171875
0 0.41484375 0.7875 0.1046875 0.1203125