1 0.16953125 0.625 0.0607421875 0.059375
0 0.1296875 0.690625 0.1330078125 0.115234375
1 0.02578125 0.73828125 0.0515625 0.0578125
1 0.20859375 0.64921875 0.0474609375 0.0484375
1 0.26015625 0.625 0.0556640625 0.0525390625
1 0.22578125 0.590625 0.055078125 0.05498046875
1 0.28984375 0.559375 0.05546875 0.05546875
1 0.5046875 0.70625 0.0359375 0.0732421875
1 0.58515625 0.66640625 0.02978515625 0.07421875
1 0.553125 0.8109375 0.0595703125 0.0595703125
1 0.528125 0.859375 0.0541015625 0.053515625
1 0.8640625 0.45078125 0.05068359375 0.04833984375
1 0.7875 0.44140625 0.04765625 0.03984375
1 0.79140625 0.4890625 0.04560546875 0.04638671875
1 0.321875 0.65859375 0.0455078125 0.0439453125