1 0.43515625 0.71484375 0.0185546875 0.01953125
1 0.4421875 0.725 0.02197265625 0.02177734375
1 0.44765625 0.73671875 0.0171875 0.01953125
1 0.453125 0.7484375 0.0201171875 0.0201171875
1 0.459375 0.76015625 0.0228515625 0.023046875
1 0.465625 0.771875 0.0216796875 0.022265625
1 0.471875 0.78359375 0.019921875 0.019140625
1 0.48203125 0.79140625 0.0189453125 0.0248046875
1 0.6046875 0.7828125 0.01640625 0.0248046875
1 0.69375 0.94375 0.01650390625 0.02509765625
1 0.67421875 0.91328125 0.02265625 0.0216796875
1 0.38125 0.5046875 0.0193359375 0.0197265625
1 0.4890625 0.31484375 0.021875 0.020703125
1 0.47421875 0.22109375 0.0234375 0.0234375
1 0.49296875 0.2046875 0.0234375 0.02255859375
1 0.5125 0.18828125 0.019140625 0.0193359375
1 0.52890625 0.17578125 0.02275390625 0.02265625
1 0.56015625 0.15390625 0.02431640625 0.02431640625
0 0.73203125 0.1203125 0.05390625 0.05478515625
1 0.73515625 0.09609375 0.02041015625 0.02021484375
1 0.8046875 0.0890625 0.0216796875 0.0220703125
1 0.71875 0.0546875 0.021484375 0.0216796875
1 0.7390625 0.0203125 0.0197265625 0.0185546875
1 0.76640625 0.01875 0.0228515625 0.02265625
1 0.26953125 0.25703125 0.0205078125 0.0185546875
1 0.30703125 0.1828125 0.01015625 0.02197265625
1 0.28125 0.13046875 0.015625 0.0244140625
1 0.27421875 0.11015625 0.02041015625 0.02041015625
1 0.26640625 0.09140625 0.0203125 0.02021484375
1 0.20078125 0.1078125 0.0232421875 0.0232421875
0 0.25703125 0.08046875 0.0314453125 0.031640625
1 0.24609375 0.046875 0.0203125 0.0203125
1 0.240625 0.0328125 0.017578125 0.0232421875
2 0.23125 0.02265625 0.033984375 0.034375
1 0.19921875 0.02578125 0.019921875 0.019921875
1 0.15859375 0.13515625 0.02412109375 0.02412109375
1 0.1515625 0.12265625 0.02421875 0.0236328125
1 0.11328125 0.0296875 0.01875 0.0298828125
1 0.11875 0.04765625 0.0166015625 0.02578125
1 0.12734375 0.06015625 0.021875 0.03056640625
1 0.90078125 0.92421875 0.01787109375 0.01806640625
1 0.9 0.9546875 0.022265625 0.0224609375
1 0.92421875 0.94375 0.0171875 0.0259765625
1 0.93046875 0.9640625 0.02177734375 0.0181640625
1 0.93046875 0.90859375 0.02119140625 0.0234375
1 0.93828125 0.98046875 0.0181640625 0.01484375
1 0.9015625 0.98515625 0.0181640625 0.02578125
1 0.94453125 0.990625 0.016796875 0.0162109375
0 0.615625 0.0125 0.03125 0.025
1 0.49453125 0.57265625 0.0224609375 0.0291015625
1 0.528125 0.6375 0.0287109375 0.02890625
1 0.54140625 0.66484375 0.025 0.025
1 0.5609375 0.6984375 0.0259765625 0.0255859375