0 0.35390625 0.43359375 0.0984375 0.0984375
0 0.45625 0.30625 0.0759765625 0.07587890625
1 0.584375 0.35546875 0.06318359375 0.06328125
1 0.43125 0.52578125 0.03828125 0.03828125
0 0.26953125 0.64921875 0.07646484375 0.04912109375
1 0.20546875 0.590625 0.0421875 0.0421875
1 0.46640625 0.60625 0.04111328125 0.04013671875
1 0.56640625 0.61171875 0.0427734375 0.0427734375
1 0.175 0.5015625 0.0447265625 0.0447265625
1 0.1328125 0.684375 0.042578125 0.0365234375
1 0.03984375 0.625 0.0439453125 0.04375
0 0.63203125 0.771875 0.07470703125 0.073828125
1 0.73125 0.6328125 0.0357421875 0.0357421875
1 0.6453125 0.65078125 0.039453125 0.03857421875
1 0.7453125 0.56953125 0.0380859375 0.0388671875
0 0.80390625 0.56953125 0.045703125 0.0458984375
1 0.828125 0.5234375 0.04677734375 0.0392578125
1 0.6296875 0.5265625 0.0439453125 0.0361328125
1 0.83125 0.6171875 0.042578125 0.0380859375
0 0.975 0.6109375 0.05 0.04375
0 0.91484375 0.6703125 0.09501953125 0.09501953125
1 0.51953125 0.09140625 0.05380859375 0.05390625