0 0.27578125 0.5015625 0.05537109375 0.0505859375
0 0.36484375 0.50078125 0.0517578125 0.04453125
1 0.4328125 0.56328125 0.04453125 0.044921875
1 0.4453125 0.70859375 0.03935546875 0.03876953125
1 0.49375 0.69453125 0.0416015625 0.0416015625
1 0.4921875 0.771875 0.0259765625 0.06337890625
1 0.4984375 0.89296875 0.0478515625 0.048046875
0 0.44453125 0.9609375 0.02978515625 0.07412109375
1 0.21953125 0.51015625 0.0375 0.0296875
1 0.1609375 0.51171875 0.0359375 0.0326171875
1 0.06015625 0.52109375 0.04140625 0.04140625
1 0.77109375 0.4515625 0.033984375 0.033203125
1 0.9078125 0.42421875 0.0361328125 0.035546875
0 0.578125 0.31328125 0.03515625 0.03515625