1 0.24609375 0.46875 0.04765625 0.0359375
1 0.271875 0.59296875 0.04453125 0.03125
1 0.27578125 0.63984375 0.04296875 0.03515625
1 0.353125 0.43359375 0.04609375 0.04453125
1 0.5015625 0.52890625 0.02109375 0.071875
0 0.49765625 0.2875 0.02265625 0.0859375
1 0.40234375 0.71015625 0.04296875 0.04609375
1 0.51484375 0.74375 0.02421875 0.078125
1 0.75234375 0.46953125 0.046875 0.0359375
1 0.75390625 0.51875 0.046875 0.0359375
1 0.8109375 0.50703125 0.04296875 0.03046875
1 0.8125 0.46640625 0.04296875 0.03359375
1 0.8765625 0.46796875 0.04765625 0.03515625
1 0.86640625 0.5109375 0.04296875 0.03515625
1 0.91953125 0.50859375 0.04140625 0.03046875
1 0.91953125 0.55625 0.04453125 0.03125
0 0.825 0.55703125 0.11171875 0.04453125
1 0.9546875 0.46640625 0.04609375 0.03671875
1 0.96953125 0.5125 0.04609375 0.03828125