1 0.16953125 0.625 0.05283203125 0.0533203125
0 0.1296875 0.690625 0.1330078125 0.113671875
1 0.025 0.73828125 0.05 0.0546875
1 0.20859375 0.64921875 0.0513671875 0.0515625
1 0.26015625 0.625 0.0529296875 0.0537109375
1 0.22578125 0.590625 0.0453125 0.05224609375
1 0.28984375 0.559375 0.05625 0.05625
1 0.5046875 0.70625 0.05625 0.05615234375
1 0.58515625 0.66640625 0.0572265625 0.05625
1 0.553125 0.8109375 0.0595703125 0.0595703125
1 0.528125 0.859375 0.0548828125 0.054296875
1 0.8640625 0.45078125 0.0490234375 0.0451171875
1 0.7875 0.44140625 0.051171875 0.051171875
1 0.79140625 0.4890625 0.04560546875 0.04638671875
1 0.321875 0.65859375 0.04619140625 0.04462890625