1 0.078125 0.328125 0.0328125 0.025
1 0.1296875 0.30859375 0.03125 0.021875
1 0.29453125 0.30703125 0.028125 0.0234375
1 0.38359375 0.3359375 0.02421875 0.025
1 0.4515625 0.38203125 0.021875 0.03671875
1 0.425 0.55 0.0140625 0.0515625
1 0.38359375 0.51640625 0.03046875 0.0296875
1 0.36875 0.47578125 0.03203125 0.028125
1 0.32421875 0.475 0.03203125 0.021875
1 0.275 0.4765625 0.03203125 0.02578125
1 0.2296875 0.4796875 0.03359375 0.02578125
1 0.18671875 0.48046875 0.03203125 0.02578125
1 0.2046875 0.51875 0.03359375 0.0265625
1 0.25859375 0.51796875 0.034375 0.02578125
1 0.303125 0.50859375 0.03203125 0.025
1 0.3484375 0.50859375 0.03046875 0.025
0 0.67421875 0.36484375 0.1 0.040625
1 0.84296875 0.29453125 0.03046875 0.0234375
1 0.84296875 0.49609375 0.028125 0.0265625
1 0.4890625 0.78828125 0.01484375 0.06328125
1 0.490625 0.6984375 0.01484375 0.05703125
0 0.14296875 0.5171875 0.04296875 0.03046875