1 0.35390625 0.89609375 0.0220703125 0.022265625
1 0.37265625 0.9 0.0203125 0.0203125
1 0.38984375 0.8625 0.0109375 0.0251953125
1 0.39375 0.75859375 0.0115234375 0.0181640625
1 0.38359375 0.734375 0.0154296875 0.0154296875
1 0.46875 0.7609375 0.0140625 0.0228515625
1 0.471875 0.81484375 0.016796875 0.0177734375
1 0.478125 0.9265625 0.009375 0.03427734375
1 0.4796875 0.9625 0.016796875 0.030859375
1 0.440625 0.796875 0.015234375 0.016015625
1 0.43984375 0.809375 0.0154296875 0.0158203125
1 0.43984375 0.82734375 0.0185546875 0.0189453125
1 0.440625 0.83984375 0.0203125 0.015625
1 0.4390625 0.85234375 0.0162109375 0.01640625
1 0.44140625 0.86328125 0.0203125 0.01787109375
1 0.44140625 0.87421875 0.02421875 0.0203125
1 0.440625 0.8875 0.019140625 0.015625
1 0.440625 0.89921875 0.0205078125 0.01796875
1 0.440625 0.91171875 0.02314453125 0.023046875
1 0.44140625 0.9375 0.0228515625 0.023046875
1 0.4421875 0.95078125 0.02216796875 0.02236328125
0 0.47265625 0.84453125 0.022265625 0.022265625
1 0.4421875 0.97734375 0.02216796875 0.02314453125
1 0.4421875 0.96484375 0.0216796875 0.021875
1 0.33671875 0.75703125 0.019140625 0.019140625
1 0.33984375 0.74375 0.02138671875 0.02138671875
1 0.3390625 0.734375 0.0171875 0.0171875
1 0.33984375 0.725 0.01708984375 0.01552734375
1 0.34375 0.709375 0.016015625 0.01796875
0 0.4671875 0.7359375 0.01318359375 0.0228515625
1 0.46640625 0.71640625 0.013671875 0.013671875
1 0.46484375 0.69765625 0.012109375 0.01220703125
1 0.4640625 0.68046875 0.0123046875 0.0115234375
1 0.46328125 0.6625 0.0142578125 0.0134765625
1 0.4609375 0.634375 0.01416015625 0.0140625
1 0.46015625 0.61953125 0.0123046875 0.0123046875
1 0.459375 0.60234375 0.0099609375 0.0107421875
1 0.38984375 0.609375 0.0119140625 0.01328125
1 0.39609375 0.6859375 0.01279296875 0.013671875
1 0.36875 0.63203125 0.0125 0.01171875
0 0.40234375 0.5796875 0.01162109375 0.015625
1 0.38515625 0.540625 0.00546875 0.0126953125
1 0.40390625 0.51640625 0.0056640625 0.0111328125
1 0.3984375 0.4828125 0.0076171875 0.009375
1 0.39765625 0.50625 0.008984375 0.00966796875
1 0.459375 0.58984375 0.0109375 0.0109375
1 0.45859375 0.57578125 0.012109375 0.012109375
1 0.44140625 0.53984375 0.011328125 0.01142578125
1 0.4609375 0.534375 0.0111328125 0.0111328125
1 0.4609375 0.52890625 0.01015625 0.0091796875
1 0.44296875 0.5203125 0.0103515625 0.0095703125
1 0.4421875 0.51015625 0.0076171875 0.0107421875
1 0.4421875 0.5015625 0.0068359375 0.010546875
1 0.4421875 0.48125 0.005078125 0.012109375
1 0.4015625 0.4046875 0.00693359375 0.00869140625
1 0.4015625 0.428125 0.00771484375 0.0078125
1 0.58203125 0.6515625 0.0140625 0.013671875
1 0.59765625 0.64921875 0.00791015625 0.0171875
1 0.60546875 0.64609375 0.0125 0.01787109375
1 0.59765625 0.6359375 0.01201171875 0.0130859375
1 0.58984375 0.6359375 0.00625 0.01552734375
1 0.57890625 0.64296875 0.01630859375 0.01484375
1 0.578125 0.6375 0.0125 0.01240234375
1 0.59140625 0.61796875 0.0125 0.01484375
1 0.578125 0.625 0.0126953125 0.012890625