0 0.13828125 0.6328125 0.178125 0.0869140625
1 0.21015625 0.57578125 0.04169921875 0.041796875
1 0.265625 0.58046875 0.0400390625 0.04111328125
1 0.2625 0.6359375 0.04677734375 0.04677734375
1 0.503125 0.4234375 0.0546875 0.0546875
1 0.5078125 0.6796875 0.058984375 0.059375
1 0.53046875 0.3046875 0.05107421875 0.051953125
1 0.62890625 0.41640625 0.04697265625 0.04697265625
1 0.503125 0.89453125 0.0517578125 0.0765625
0 0.7875 0.6265625 0.0494140625 0.04912109375
1 0.75390625 0.45859375 0.047265625 0.04716796875
1 0.75234375 0.496875 0.04560546875 0.045703125
1 0.815625 0.49375 0.04072265625 0.040625
1 0.8140625 0.45078125 0.0419921875 0.041796875
1 0.884375 0.4859375 0.04384765625 0.034375
1 0.7625 0.54140625 0.0451171875 0.0453125
1 0.940625 0.49296875 0.04423828125 0.04326171875
1 0.63046875 0.95234375 0.04912109375 0.04931640625