1 0.58828125 0.51328125 0.01328125 0.0375
1 0.5734375 0.47421875 0.0109375 0.03515625
1 0.609375 0.4265625 0.0109375 0.0328125
1 0.62265625 0.571875 0.01484375 0.03984375
1 0.56796875 0.77578125 0.0140625 0.0484375
1 0.584375 0.8578125 0.01328125 0.05234375
1 0.54609375 0.83828125 0.0140625 0.046875
1 0.5671875 0.82734375 0.015625 0.04453125
1 0.565625 0.8765625 0.0140625 0.0421875
1 0.54296875 0.90390625 0.015625 0.0515625
1 0.5625 0.93671875 0.0140625 0.05
1 0.53984375 0.96640625 0.015625 0.05703125
0 0.51640625 0.8515625 0.028125 0.08203125
0 0.51484375 0.51015625 0.01640625 0.05625
0 0.5265625 0.3765625 0.01640625 0.0484375