1 0.4640625 0.31796875 0.0515625 0.0515625
1 0.49140625 0.2703125 0.05107421875 0.051171875
1 0.53671875 0.315625 0.0279296875 0.0791015625
1 0.5734375 0.25546875 0.05439453125 0.05439453125
1 0.4921875 0.40625 0.04775390625 0.0478515625
1 0.28828125 0.56328125 0.04755859375 0.04609375
1 0.165625 0.628125 0.0603515625 0.059375
1 0.22265625 0.5953125 0.04765625 0.04765625
1 0.20625 0.6515625 0.0478515625 0.04765625
1 0.25703125 0.62578125 0.05400390625 0.05400390625
1 0.40546875 0.6734375 0.0572265625 0.05703125
1 0.54375 0.65625 0.0470703125 0.0466796875
0 0.46484375 0.53515625 0.12568359375 0.12587890625
0 0.58203125 0.88828125 0.14931640625 0.14912109375
1 0.553125 0.89609375 0.0474609375 0.0478515625
1 0.528125 0.91328125 0.0490234375 0.04921875
1 0.50234375 0.953125 0.05576171875 0.05673828125