0 0.35390625 0.43359375 0.109375 0.05625
0 0.45625 0.30625 0.0328125 0.10703125
1 0.584375 0.35546875 0.03046875 0.075
1 0.43125 0.52578125 0.040625 0.03125
0 0.26953125 0.64921875 0.07265625 0.04140625
1 0.20546875 0.590625 0.046875 0.03125
1 0.46640625 0.60625 0.03671875 0.03359375
1 0.56640625 0.61171875 0.03828125 0.03203125
1 0.175 0.5015625 0.0453125 0.0359375
1 0.1328125 0.684375 0.0421875 0.03359375
1 0.03984375 0.625 0.04140625 0.0296875
0 0.63203125 0.771875 0.03359375 0.1
1 0.73125 0.6328125 0.03671875 0.03046875
1 0.6453125 0.65078125 0.040625 0.03203125
1 0.7453125 0.56953125 0.04140625 0.03046875
0 0.80390625 0.56953125 0.05 0.03359375
1 0.828125 0.5234375 0.04296875 0.0296875
1 0.6296875 0.5265625 0.04140625 0.03203125
1 0.83125 0.6171875 0.0390625 0.03046875
0 0.97578125 0.61171875 0.04609375 0.03515625
0 0.91484375 0.6703125 0.11484375 0.04453125
1 0.51953125 0.09140625 0.01953125 0.0703125