0 0.140625 0.634375 0.1345703125 0.1345703125
1 0.2109375 0.5765625 0.0451171875 0.041015625
1 0.26640625 0.58203125 0.0474609375 0.04296875
1 0.2640625 0.634375 0.039453125 0.0392578125
1 0.4734375 0.29921875 0.05419921875 0.05439453125
1 0.53359375 0.43671875 0.04287109375 0.07900390625
1 0.59921875 0.36953125 0.04521484375 0.04521484375
1 0.521875 0.728125 0.05869140625 0.05859375
1 0.509375 0.19140625 0.0509765625 0.05126953125
1 0.51953125 0.03203125 0.04921875 0.04921875
1 0.63203125 0.7734375 0.05283203125 0.053515625
0 0.91328125 0.61640625 0.0515625 0.0515625
1 0.7546875 0.45625 0.04462890625 0.04453125
1 0.753125 0.49453125 0.042578125 0.0419921875
1 0.7640625 0.5390625 0.0380859375 0.0400390625
1 0.8171875 0.490625 0.03974609375 0.03984375
1 0.8140625 0.45 0.041015625 0.03125
1 0.8859375 0.4828125 0.04677734375 0.046875
1 0.9421875 0.490625 0.0443359375 0.04453125