1 0.0640625 0.67265625 0.0560546875 0.0482421875
1 0.19453125 0.6890625 0.04453125 0.04462890625
1 0.28125 0.63828125 0.0474609375 0.0416015625
1 0.284375 0.59140625 0.0443359375 0.04453125
1 0.425 0.73125 0.04296875 0.05478515625
0 0.825 0.5546875 0.11630859375 0.06005859375
1 0.74453125 0.515625 0.046875 0.034375
1 0.728125 0.46796875 0.039453125 0.0400390625
1 0.809375 0.4640625 0.0431640625 0.0427734375
1 0.8734375 0.46640625 0.05244140625 0.04599609375
1 0.80625 0.50546875 0.0447265625 0.04560546875
1 0.865625 0.50703125 0.04140625 0.0419921875
1 0.91796875 0.50625 0.0392578125 0.0388671875
1 0.91875 0.55390625 0.04677734375 0.03662109375
1 0.975 0.55546875 0.04755859375 0.03828125
1 0.96875 0.51015625 0.049609375 0.0435546875
1 0.95390625 0.4640625 0.0505859375 0.0431640625