1 0.0640625 0.67265625 0.05537109375 0.04833984375
1 0.19453125 0.6890625 0.046875 0.03525390625
1 0.28125 0.63828125 0.0478515625 0.0482421875
1 0.284375 0.59140625 0.0443359375 0.04453125
1 0.425 0.73125 0.05625 0.05634765625
0 0.825 0.5546875 0.11552734375 0.06630859375
1 0.74453125 0.515625 0.04375 0.04375
1 0.728125 0.46796875 0.0453125 0.0349609375
1 0.809375 0.4640625 0.03837890625 0.03818359375
1 0.8734375 0.46640625 0.0412109375 0.0416015625
1 0.80625 0.50546875 0.046484375 0.0373046875
1 0.865625 0.50703125 0.0376953125 0.03798828125
1 0.91796875 0.50625 0.0458984375 0.0384765625
1 0.91875 0.55390625 0.04169921875 0.04169921875
1 0.975 0.55546875 0.0419921875 0.0421875
1 0.96875 0.51015625 0.0484375 0.0478515625
1 0.95390625 0.4640625 0.05068359375 0.04462890625