1 0.0328125 0.459375 0.04375 0.034375
1 0.27109375 0.596875 0.0421875 0.03203125
1 0.27421875 0.64375 0.04296875 0.0359375
1 0.56953125 0.671875 0.02109375 0.075
1 0.6484375 0.71796875 0.0328125 0.06015625
1 0.525 0.41328125 0.01796875 0.07109375
1 0.50625 0.20078125 0.01953125 0.07421875
1 0.4828125 0.08984375 0.02109375 0.07578125
1 0.51328125 0.06953125 0.0203125 0.07109375
1 0.61796875 0.83671875 0.021875 0.08046875
1 0.73359375 0.64609375 0.046875 0.040625
1 0.75 0.47578125 0.0453125 0.03828125
1 0.75234375 0.5234375 0.046875 0.034375
1 0.809375 0.51328125 0.04140625 0.03125
1 0.8109375 0.471875 0.0421875 0.03203125
1 0.87421875 0.47421875 0.04765625 0.03359375
1 0.8640625 0.51640625 0.04296875 0.03515625
1 0.9171875 0.515625 0.04140625 0.0296875
1 0.96796875 0.51875 0.0453125 0.03515625