1 0.059375 0.49375 0.049609375 0.049609375
1 0.2671875 0.5125 0.04306640625 0.04287109375
0 0.32734375 0.6921875 0.1177734375 0.1171875
0 0.578125 0.55703125 0.10712890625 0.10703125
1 0.640625 0.43828125 0.0435546875 0.0431640625
1 0.7 0.65625 0.04677734375 0.04775390625
1 0.75703125 0.50625 0.04140625 0.03505859375
1 0.84453125 0.5015625 0.0439453125 0.03984375
0 0.828125 0.46484375 0.041796875 0.041796875
1 0.96015625 0.4953125 0.0427734375 0.042578125
1 0.58671875 0.8 0.06123046875 0.0611328125
1 0.490625 0.85703125 0.0609375 0.0609375
1 0.56015625 0.91171875 0.04921875 0.078125
1 0.6234375 0.86484375 0.0421875 0.07890625
1 0.515625 0.05625 0.0537109375 0.0556640625