1 0.059375 0.49375 0.050390625 0.050390625
1 0.2671875 0.5125 0.0439453125 0.0435546875
0 0.32734375 0.6921875 0.16806640625 0.0939453125
0 0.578125 0.55703125 0.07431640625 0.17734375
1 0.640625 0.43828125 0.03603515625 0.04287109375
1 0.7 0.65625 0.04130859375 0.04462890625
1 0.75703125 0.50625 0.04296875 0.0427734375
1 0.84453125 0.5015625 0.0431640625 0.03671875
0 0.828125 0.46484375 0.04453125 0.03671875
1 0.96015625 0.4953125 0.04228515625 0.03125
1 0.58671875 0.8 0.0580078125 0.0578125
1 0.490625 0.85703125 0.06328125 0.06328125
1 0.56015625 0.91171875 0.06015625 0.06015625
1 0.6234375 0.86484375 0.051171875 0.051953125
1 0.515625 0.05625 0.0443359375 0.0791015625