0 0.16015625 0.6421875 0.12109375 0.0609375
1 0.28515625 0.64296875 0.0451171875 0.0451171875
1 0.2890625 0.59765625 0.0435546875 0.04375
1 0.2234375 0.590625 0.0490234375 0.0501953125
1 0.16328125 0.5859375 0.04453125 0.0443359375
0 0.07265625 0.584375 0.05498046875 0.05498046875
0 0.22421875 0.50546875 0.05244140625 0.05244140625
1 0.33359375 0.459375 0.04921875 0.04921875
1 0.571875 0.45859375 0.04404296875 0.04423828125
1 0.53203125 0.44140625 0.0501953125 0.0501953125
1 0.4328125 0.37109375 0.05771484375 0.07587890625
1 0.46953125 0.25234375 0.0466796875 0.0466796875
1 0.4921875 0.0625 0.0505859375 0.0505859375
1 0.16328125 0.6890625 0.04140625 0.04150390625
1 0.68203125 0.61171875 0.04228515625 0.03984375
1 0.75625 0.5671875 0.04296875 0.04208984375
1 0.73125 0.52109375 0.0443359375 0.0384765625
1 0.74921875 0.4796875 0.037890625 0.03828125
1 0.8 0.48203125 0.040625 0.0412109375
1 0.79375 0.51875 0.0388671875 0.0390625
1 0.84921875 0.5203125 0.043359375 0.04326171875
1 0.90703125 0.51796875 0.04521484375 0.04521484375