1 0.17109375 0.48515625 0.0326171875 0.032421875
1 0.24921875 0.48671875 0.0306640625 0.0306640625
1 0.2078125 0.51875 0.03193359375 0.0337890625
1 0.3515625 0.51953125 0.034375 0.03037109375
1 0.32421875 0.4859375 0.03330078125 0.032421875
1 0.40859375 0.48125 0.03515625 0.03193359375
1 0.35859375 0.3515625 0.03291015625 0.0296875
1 0.509375 0.28671875 0.0341796875 0.0337890625
1 0.49609375 0.3515625 0.03310546875 0.03251953125
0 0.4828125 0.32578125 0.0396484375 0.03662109375
0 0.5640625 0.446875 0.04208984375 0.04296875
0 0.57734375 0.38046875 0.10390625 0.0583984375
1 0.4859375 0.46875 0.0302734375 0.026953125
1 0.43359375 0.57734375 0.044921875 0.0447265625
1 0.51875 0.6109375 0.0388671875 0.0390625
1 0.54375 0.5359375 0.03916015625 0.03896484375
0 0.46171875 0.94921875 0.06689453125 0.066796875
1 0.45390625 0.7140625 0.046484375 0.0466796875
1 0.49140625 0.68359375 0.03671875 0.03671875
1 0.4921875 0.7796875 0.0380859375 0.03828125
1 0.496875 0.8609375 0.0462890625 0.04609375
1 0.49921875 0.95546875 0.05400390625 0.05390625
1 0.871875 0.4390625 0.0271484375 0.0271484375
1 0.82734375 0.4390625 0.03017578125 0.03076171875
1 0.78046875 0.49921875 0.0322265625 0.0267578125