1 0.35390625 0.89609375 0.01865234375 0.02734375
1 0.37265625 0.9 0.01796875 0.01875
1 0.38984375 0.8625 0.01640625 0.0259765625
1 0.39375 0.75859375 0.0150390625 0.0154296875
1 0.38359375 0.734375 0.01533203125 0.01533203125
1 0.46875 0.7609375 0.01796875 0.0181640625
1 0.471875 0.81484375 0.016015625 0.0169921875
1 0.478125 0.9265625 0.021875 0.02177734375
1 0.4796875 0.9625 0.0228515625 0.0208984375
1 0.440625 0.796875 0.017578125 0.018359375
1 0.43984375 0.809375 0.0189453125 0.0154296875
1 0.43984375 0.82734375 0.01708984375 0.01806640625
1 0.440625 0.83984375 0.01875 0.0140625
1 0.4390625 0.85234375 0.02021484375 0.015625
1 0.44140625 0.86328125 0.019921875 0.01982421875
1 0.44140625 0.87421875 0.01953125 0.01953125
1 0.440625 0.8875 0.0189453125 0.01875
1 0.440625 0.89921875 0.0205078125 0.01640625
1 0.440625 0.91171875 0.0240234375 0.023046875
1 0.44140625 0.9375 0.02138671875 0.020703125
1 0.4421875 0.95078125 0.0228515625 0.0232421875
0 0.47265625 0.84453125 0.023046875 0.023046875
1 0.4421875 0.97734375 0.02412109375 0.02119140625
1 0.4421875 0.96484375 0.021484375 0.021875
1 0.33671875 0.75703125 0.019921875 0.019921875
1 0.33984375 0.74375 0.0189453125 0.0197265625
1 0.3390625 0.734375 0.01640625 0.01640625
1 0.33984375 0.725 0.0189453125 0.0189453125
1 0.34375 0.709375 0.0193359375 0.0203125
0 0.4671875 0.7359375 0.0185546875 0.019140625
1 0.46640625 0.71640625 0.016015625 0.016015625
1 0.46484375 0.69765625 0.01015625 0.01416015625
1 0.4640625 0.68046875 0.0138671875 0.0130859375
1 0.46328125 0.6625 0.0150390625 0.0150390625
1 0.4609375 0.634375 0.0103515625 0.015625
1 0.46015625 0.61953125 0.00927734375 0.01708984375
1 0.459375 0.60234375 0.0099609375 0.0107421875
1 0.38984375 0.609375 0.0119140625 0.01328125
1 0.39609375 0.6859375 0.00771484375 0.015625
1 0.36875 0.63203125 0.0078125 0.015625
0 0.40234375 0.5796875 0.0119140625 0.012890625
1 0.38515625 0.540625 0.008203125 0.0091796875
1 0.40390625 0.51640625 0.0080078125 0.0080078125
1 0.3984375 0.4828125 0.0060546875 0.009375
1 0.39765625 0.50625 0.00703125 0.01240234375
1 0.459375 0.58984375 0.01015625 0.01015625
1 0.45859375 0.57578125 0.012109375 0.012109375
1 0.44140625 0.53984375 0.00859375 0.0142578125
1 0.4609375 0.534375 0.0095703125 0.0095703125
1 0.4609375 0.52890625 0.0099609375 0.00908203125
1 0.44296875 0.5203125 0.01201171875 0.01123046875
1 0.4421875 0.51015625 0.00966796875 0.00966796875
1 0.4421875 0.5015625 0.0083984375 0.009765625
1 0.4421875 0.48125 0.0095703125 0.0083984375
1 0.4015625 0.4046875 0.00771484375 0.01025390625
1 0.4015625 0.428125 0.0076171875 0.0078125
1 0.58203125 0.6515625 0.01484375 0.0146484375
1 0.59765625 0.64921875 0.0134765625 0.0125
1 0.60546875 0.64609375 0.015234375 0.0150390625
1 0.59765625 0.6359375 0.0126953125 0.0140625
1 0.58984375 0.6359375 0.0125 0.01162109375
1 0.57890625 0.64296875 0.0154296875 0.01484375
1 0.578125 0.6375 0.01484375 0.0146484375
1 0.59140625 0.61796875 0.0109375 0.01484375
1 0.578125 0.625 0.0134765625 0.013671875