0 0.38984375 0.7125 0.175 0.1228515625
0 0.57890625 0.41796875 0.129296875 0.129296875
1 0.51640625 0.05859375 0.04306640625 0.0765625
1 0.0578125 0.50078125 0.044921875 0.04501953125
1 0.08671875 0.578125 0.04921875 0.0435546875
1 0.5171875 0.66875 0.0544921875 0.05625
1 0.57734375 0.62421875 0.04072265625 0.07412109375
1 0.65078125 0.70234375 0.04541015625 0.07353515625
1 0.59296875 0.86171875 0.058203125 0.058203125
1 0.903125 0.49453125 0.037890625 0.0384765625
1 0.8171875 0.63515625 0.04287109375 0.04296875
1 0.81875 0.50078125 0.0412109375 0.0337890625
1 0.75078125 0.50546875 0.039453125 0.0392578125
1 0.64140625 0.4359375 0.04404296875 0.0439453125
0 0.759375 0.46640625 0.03935546875 0.03876953125