0 0.3875 0.7015625 0.108203125 0.1080078125
0 0.503125 0.17890625 0.0533203125 0.054296875
1 0.22265625 0.603125 0.05078125 0.04443359375
1 0.29296875 0.603125 0.04765625 0.04755859375
1 0.28046875 0.653125 0.05078125 0.05078125
1 0.21328125 0.64765625 0.0462890625 0.046484375
1 0.7015625 0.64921875 0.0552734375 0.0560546875
1 0.471875 0.3546875 0.05546875 0.05634765625
1 0.4984375 0.4421875 0.0474609375 0.04921875
1 0.5359375 0.50546875 0.05234375 0.0533203125
1 0.52265625 0.7171875 0.04951171875 0.05048828125
1 0.6296875 0.4375 0.053125 0.0556640625
1 0.62421875 0.8671875 0.03671875 0.0736328125
1 0.54296875 0.96484375 0.0498046875 0.0498046875
1 0.8546875 0.58359375 0.03984375 0.03984375
1 0.76640625 0.54296875 0.04140625 0.03125
1 0.75703125 0.49609375 0.0466796875 0.046484375
1 0.80859375 0.49140625 0.04013671875 0.040234375
1 0.88359375 0.4859375 0.0484375 0.0416015625
1 0.9453125 0.48046875 0.04755859375 0.0359375
1 0.9265625 0.528125 0.0439453125 0.0341796875