0 0.3875 0.7015625 0.1328125 0.06328125
0 0.503125 0.17890625 0.02109375 0.0796875
1 0.22265625 0.603125 0.0453125 0.03671875
1 0.29296875 0.603125 0.046875 0.03984375
1 0.28046875 0.653125 0.04375 0.040625
1 0.21328125 0.64765625 0.04140625 0.034375
1 0.7015625 0.64921875 0.04453125 0.05234375
1 0.471875 0.3546875 0.021875 0.08203125
1 0.4984375 0.4421875 0.0203125 0.06875
1 0.5359375 0.50546875 0.0203125 0.07265625
1 0.52265625 0.7171875 0.01953125 0.06640625
1 0.6296875 0.4375 0.046875 0.05078125
1 0.62421875 0.8671875 0.025 0.0734375
1 0.54296875 0.96484375 0.02265625 0.06953125
1 0.8546875 0.58359375 0.040625 0.034375
1 0.76640625 0.54296875 0.040625 0.0296875
1 0.75703125 0.49609375 0.04296875 0.034375
1 0.80859375 0.49140625 0.03828125 0.03125
1 0.88359375 0.4859375 0.04375 0.03515625
1 0.9453125 0.48046875 0.04609375 0.034375
1 0.9265625 0.528125 0.04453125 0.03359375