0 0.517059015625 0.4568526234375 0.5170841109375 0.45637378437500004 0.461048128125 0.4200200234375 0.45620882656250006 0.41976640625000006 0.4344221046875 0.43401027968749994 0.4866967890625 0.4742337359375 0.4876635421875 0.47428440156249996 0.517059015625 0.4568526234375
0 0.40202273125000004 0.41579781718750003 0.3596394703125 0.42305204218750003 0.3678522140625 0.450839828125 0.4108049421875 0.43919608749999994 0.413632403125 0.4373599140625 0.408406540625 0.425628021875 0.40202273125000004 0.41579781718750003
0 0.2731361484375 0.4829786859375 0.2747327703125 0.4792172828125 0.275851821875 0.44056605312499997 0.2581771859375 0.4366863890625 0.257301828125 0.43874860312499997 0.254481384375 0.48141209375000005 0.2587653609375 0.48323053437499996 0.2731361484375 0.4829786859375
0 0.187864 0.45410495156249997 0.20567220000000003 0.4621370890625 0.2078548359375 0.4622514765625 0.2265625 0.42615300468750006 0.2265625 0.4207648625 0.20615801875 0.4146437234375 0.187864 0.45410495156249997
0 0.16301276874999998 0.38974600625 0.11562055468750002 0.3742173484375 0.0983754546875 0.3928082046875 0.15558587968749998 0.40641433281249995 0.1567761734375 0.406073021875 0.16343630781250001 0.391223059375 0.16301276874999998 0.38974600625
2 0.34543681875 0.344241440625 0.34600697812500003 0.3433634734375 0.33046875937500003 0.3160843953125 0.28883579843749996 0.3281199546875 0.2885999015625 0.32848320625 0.2925167046875 0.356104890625 0.2938623078125 0.35697873593749996 0.34543681875 0.344241440625
1 0.55390625 0.50703125 0.0322265625 0.034375
1 0.6421875 0.41484375 0.0220703125 0.0216796875
1 0.50859375 0.55625 0.021875 0.04140625
0 0.503125 0.69453125 0.0298828125 0.0953125
0 0.4046875 0.52578125 0.04833984375 0.02880859375
0 0.4546875 0.52578125 0.04375 0.0369140625
1 0.38828125 0.47109375 0.0255859375 0.02734375
1 0.40390625 0.45625 0.010546875 0.0099609375
1 0.4046875 0.5046875 0.020703125 0.020703125
1 0.4046875 0.48828125 0.016015625 0.016796875
1 0.42265625 0.39140625 0.0181640625 0.02578125
1 0.41796875 0.4125 0.020703125 0.0208984375
1 0.384375 0.50390625 0.01513671875 0.014453125
1 0.35859375 0.4609375 0.02060546875 0.0201171875
1 0.571875 0.5578125 0.0263671875 0.0220703125
1 0.5 0.47421875 0.020703125 0.0359375