0 0.51640625 0.703125 0.1453125 0.1453125
0 0.834375 0.646875 0.09697265625 0.096875
1 0.578125 0.5109375 0.0419921875 0.0421875
1 0.68984375 0.57109375 0.04443359375 0.04443359375
1 0.434375 0.35625 0.0533203125 0.0533203125
1 0.21640625 0.50546875 0.0453125 0.0453125
1 0.76328125 0.50625 0.03720703125 0.0376953125
1 0.8359375 0.553125 0.03818359375 0.03837890625
1 0.596875 0.66171875 0.05 0.04921875
1 0.51640625 0.04921875 0.058203125 0.058203125
1 0.28046875 0.690625 0.03935546875 0.039453125