1 0.0328125 0.459375 0.046875 0.04609375
1 0.27109375 0.596875 0.046875 0.03916015625
1 0.27421875 0.64375 0.0494140625 0.045703125
1 0.56953125 0.671875 0.05595703125 0.055859375
1 0.6484375 0.71796875 0.05546875 0.0564453125
1 0.525 0.41328125 0.04951171875 0.05048828125
1 0.50625 0.20078125 0.0466796875 0.0466796875
1 0.4828125 0.08984375 0.0501953125 0.0494140625
1 0.51328125 0.06953125 0.053125 0.05322265625
1 0.61796875 0.83671875 0.055859375 0.05595703125
1 0.73359375 0.64609375 0.05078125 0.05078125
1 0.75 0.47578125 0.05078125 0.0501953125
1 0.75234375 0.5234375 0.04765625 0.04765625
1 0.809375 0.51328125 0.04072265625 0.040625
1 0.8109375 0.471875 0.0384765625 0.03837890625
1 0.87421875 0.47421875 0.05146484375 0.03837890625
1 0.8640625 0.51640625 0.04404296875 0.04326171875
1 0.9171875 0.515625 0.0423828125 0.033203125
1 0.96796875 0.51875 0.044921875 0.0458984375