1 0.33359375 0.50234375 0.042578125 0.04248046875
1 0.28125 0.69140625 0.04521484375 0.03583984375
0 0.5875 0.58515625 0.1154296875 0.1033203125
0 0.7171875 0.65234375 0.1078125 0.1078125
1 0.82578125 0.55546875 0.04189453125 0.041796875
1 0.725 0.56328125 0.03955078125 0.03857421875
1 0.6734375 0.50703125 0.03955078125 0.03935546875
1 0.93515625 0.5515625 0.0376953125 0.0373046875
1 0.98046875 0.49921875 0.03798828125 0.037890625
0 0.5765625 0.153125 0.120703125 0.1228515625
0 0.478125 0.1375 0.0490234375 0.048828125