1 0.01875 0.5046875 0.0345703125 0.0341796875
1 0.1375 0.49609375 0.0412109375 0.03515625
1 0.33828125 0.521875 0.030078125 0.02939453125
1 0.3515625 0.48671875 0.032421875 0.03310546875
1 0.43671875 0.48203125 0.03359375 0.03359375
1 0.55625 0.47578125 0.033984375 0.033984375
1 0.52734375 0.53828125 0.0416015625 0.0412109375
1 0.42578125 0.59296875 0.041796875 0.041796875
1 0.45390625 0.7359375 0.04326171875 0.0423828125
1 0.48359375 0.72890625 0.0185546875 0.0607421875
1 0.48671875 0.8203125 0.02255859375 0.06015625
1 0.49296875 0.95859375 0.046484375 0.04638671875
1 0.90390625 0.4203125 0.03232421875 0.03251953125
1 0.84296875 0.4265625 0.0287109375 0.028515625
1 0.7484375 0.43125 0.03447265625 0.028125
1 0.6828125 0.4359375 0.03212890625 0.0322265625
0 0.559375 0.403125 0.085546875 0.0859375