0 0.27578125 0.5015625 0.04765625 0.0390625
0 0.36484375 0.50078125 0.04921875 0.040625
1 0.4328125 0.56328125 0.0265625 0.0484375
1 0.4453125 0.70859375 0.01484375 0.05859375
1 0.49375 0.69453125 0.01484375 0.05390625
1 0.4921875 0.771875 0.0171875 0.06328125
1 0.4984375 0.89296875 0.0140625 0.0640625
0 0.44453125 0.9609375 0.01484375 0.07421875
1 0.21953125 0.51015625 0.034375 0.021875
1 0.1609375 0.51171875 0.03125 0.02578125
1 0.06015625 0.52109375 0.0375 0.03125
1 0.77109375 0.4515625 0.0296875 0.028125
1 0.9078125 0.42421875 0.03359375 0.0265625
0 0.578125 0.31328125 0.034375 0.034375