0 0.57734375 0.48828125 0.0529296875 0.1849609375
0 0.359375 0.6984375 0.1189453125 0.1177734375
1 0.54296875 0.78125 0.03203125 0.08203125
1 0.58125 0.70546875 0.05048828125 0.051171875
1 0.62890625 0.784375 0.05263671875 0.05361328125
1 0.4921875 0.93359375 0.04443359375 0.075
1 0.51640625 0.05859375 0.0220703125 0.0763671875
1 0.64140625 0.4390625 0.04638671875 0.046484375
1 0.753125 0.50703125 0.04228515625 0.03505859375
1 0.753125 0.64375 0.04462890625 0.04443359375
1 0.82890625 0.503125 0.0412109375 0.041015625
1 0.928125 0.49609375 0.0400390625 0.0408203125
1 0.165625 0.50703125 0.044140625 0.04375
0 0.78359375 0.46796875 0.04638671875 0.046484375