0 0.51640625 0.703125 0.1453125 0.1453125
0 0.834375 0.646875 0.0978515625 0.09765625
1 0.578125 0.5109375 0.0396484375 0.03984375
1 0.68984375 0.57109375 0.04755859375 0.04755859375
1 0.434375 0.35625 0.0595703125 0.0595703125
1 0.21640625 0.50546875 0.0390625 0.0390625
1 0.76328125 0.50625 0.03330078125 0.0337890625
1 0.8359375 0.553125 0.0388671875 0.0392578125
1 0.596875 0.66171875 0.05234375 0.06328125
1 0.51640625 0.04921875 0.058203125 0.058203125
1 0.28046875 0.690625 0.04990234375 0.04140625