0 0.52578125 0.21640625 0.01640625 0.06328125
0 0.53984375 0.06953125 0.015625 0.0578125
0 0.525 0.546875 0.02421875 0.06953125
0 0.55859375 0.4765625 0.0171875 0.0734375
1 0.58046875 0.4171875 0.0140625 0.04140625
1 0.5640625 0.41953125 0.01328125 0.04296875
1 0.575 0.48125 0.0140625 0.0453125
1 0.55390625 0.53828125 0.01484375 0.0390625
1 0.57421875 0.528125 0.01328125 0.03984375
1 0.571875 0.57578125 0.01484375 0.04453125
1 0.55 0.5984375 0.0171875 0.046875
1 0.56796875 0.62890625 0.0140625 0.04296875
1 0.54609375 0.65625 0.0140625 0.05390625
1 0.565625 0.68359375 0.0140625 0.0515625
1 0.584375 0.68515625 0.015625 0.05703125
1 0.53984375 0.71875 0.015625 0.0578125
1 0.5609375 0.77109375 0.015625 0.06015625
1 0.58359375 0.75859375 0.0140625 0.053125
1 0.53671875 0.7921875 0.015625 0.05703125
1 0.55625 0.84453125 0.015625 0.0515625
1 0.58125 0.84296875 0.01796875 0.0609375
1 0.53359375 0.8609375 0.015625 0.06328125
1 0.640625 0.0609375 0.01015625 0.0296875