0 0.13828125 0.6328125 0.133984375 0.13408203125
1 0.21015625 0.57578125 0.0384765625 0.038671875
1 0.265625 0.58046875 0.040625 0.0419921875
1 0.2625 0.6359375 0.04990234375 0.04677734375
1 0.503125 0.4234375 0.05390625 0.05390625
1 0.5078125 0.6796875 0.0568359375 0.05703125
1 0.53046875 0.3046875 0.0548828125 0.055859375
1 0.62890625 0.41640625 0.04306640625 0.05322265625
1 0.503125 0.89453125 0.03681640625 0.0796875
0 0.7875 0.6265625 0.055078125 0.0544921875
1 0.75390625 0.45859375 0.04609375 0.0451171875
1 0.75234375 0.496875 0.0431640625 0.043359375
1 0.815625 0.49375 0.04228515625 0.0421875
1 0.8140625 0.45078125 0.0365234375 0.037109375
1 0.884375 0.4859375 0.0478515625 0.04765625
1 0.7625 0.54140625 0.0490234375 0.04375
1 0.940625 0.49296875 0.0474609375 0.0470703125
1 0.63046875 0.95234375 0.05224609375 0.05244140625