1 0.13984375 0.34140625 0.03671875 0.0625
1 0.07578125 0.50546875 0.046875 0.0296875
1 0.084375 0.5640625 0.04140625 0.0453125
1 0.1765625 0.546875 0.04140625 0.0328125
1 0.1890625 0.43984375 0.04140625 0.03359375
1 0.1890625 0.49375 0.04609375 0.0328125
1 0.2828125 0.55 0.040625 0.0359375
1 0.25078125 0.6375 0.04609375 0.03828125
1 0.425 0.53125 0.0421875 0.03671875
1 0.34140625 0.515625 0.04453125 0.03828125
1 0.48203125 0.490625 0.0390625 0.0328125
1 0.4984375 0.54375 0.0421875 0.0359375
1 0.50078125 0.59375 0.0421875 0.03515625
1 0.5703125 0.51953125 0.03828125 0.03671875
1 0.575 0.5640625 0.0390625 0.03984375
1 0.69375 0.60078125 0.040625 0.0390625
1 0.96796875 0.6859375 0.04453125 0.04296875
2 0.39375 0.575 0.059375 0.046875
0 0.36953125 0.47265625 0.0625 0.03984375
0 0.65 0.534375 0.0453125 0.04375
0 0.7234375 0.5546875 0.06484375 0.04609375
1 0.08046875 0.9640625 0.01875 0.06875
1 0.10390625 0.953125 0.021875 0.07890625
1 0.0265625 0.09296875 0.02265625 0.08125