1 0.103125 0.746875 0.0458984375 0.046484375
1 0.14609375 0.67421875 0.05166015625 0.05078125
0 0.27578125 0.63125 0.06064453125 0.06142578125
0 0.68515625 0.56875 0.09189453125 0.09189453125
1 0.5921875 0.51953125 0.04599609375 0.04150390625
1 0.48828125 0.54921875 0.035546875 0.03544921875
1 0.7875 0.37734375 0.04599609375 0.04609375
1 0.7890625 0.43125 0.05009765625 0.04453125
1 0.78046875 0.48828125 0.040625 0.03291015625
1 0.83125 0.4953125 0.04453125 0.0443359375
1 0.84453125 0.453125 0.04736328125 0.04716796875
1 0.8859375 0.409375 0.0572265625 0.0513671875
1 0.9 0.45859375 0.04248046875 0.04169921875
1 0.83359375 0.390625 0.040625 0.0404296875
1 0.94140625 0.41796875 0.0486328125 0.0458984375
1 0.96015625 0.4765625 0.04892578125 0.04873046875
2 0.96484375 0.53046875 0.0703125 0.0640625
1 0.5265625 0.93359375 0.0412109375 0.07109375