0 0.3875 0.7015625 0.1150390625 0.11494140625
0 0.503125 0.17890625 0.0373046875 0.08046875
1 0.22265625 0.603125 0.05078125 0.0443359375
1 0.29296875 0.603125 0.05 0.04990234375
1 0.28046875 0.653125 0.05078125 0.04921875
1 0.21328125 0.64765625 0.0443359375 0.03671875
1 0.7015625 0.64921875 0.05205078125 0.05205078125
1 0.471875 0.3546875 0.05234375 0.05400390625
1 0.4984375 0.4421875 0.0248046875 0.06953125
1 0.5359375 0.50546875 0.0373046875 0.07412109375
1 0.52265625 0.7171875 0.05107421875 0.05126953125
1 0.6296875 0.4375 0.0578125 0.0580078125
1 0.62421875 0.8671875 0.03125 0.073828125
1 0.5421875 0.9640625 0.040625 0.071875
1 0.8546875 0.58359375 0.04140625 0.04140625
1 0.76640625 0.54296875 0.04296875 0.03359375
1 0.75703125 0.49609375 0.0470703125 0.040625
1 0.80859375 0.49140625 0.0408203125 0.041015625
1 0.88359375 0.4859375 0.04375 0.04384765625
1 0.9453125 0.48046875 0.0427734375 0.04296875
1 0.9265625 0.528125 0.04697265625 0.04677734375