1 0.58984375 0.05625 0.01875 0.01328125
1 0.61171875 0.0546875 0.01953125 0.01328125
1 0.634375 0.0515625 0.01875 0.0125
1 0.65390625 0.05078125 0.0203125 0.015625
1 0.6859375 0.0515625 0.02578125 0.01484375
1 0.6234375 0.1265625 0.01875 0.0125
0 0.84921875 0.128125 0.053125 0.0296875
1 0.925 0.03203125 0.01796875 0.01171875
1 0.95625 0.05234375 0.02109375 0.01171875
1 0.93203125 0.053125 0.01796875 0.01171875
1 0.96953125 0.06875 0.01640625 0.0125
1 0.92734375 0.14296875 0.02109375 0.0125
1 0.40859375 0.2375 0.009375 0.0234375
1 0.4609375 0.31796875 0.00859375 0.025
1 0.48046875 0.37578125 0.00859375 0.02421875
1 0.484375 0.4515625 0.009375 0.0265625
1 0.4859375 0.4859375 0.0078125 0.025
1 0.48671875 0.525 0.00859375 0.0265625
1 0.3765625 0.45390625 0.01796875 0.0109375
1 0.37734375 0.465625 0.01875 0.01328125
1 0.37734375 0.4796875 0.015625 0.0109375
1 0.378125 0.49296875 0.01796875 0.0109375
1 0.378125 0.50703125 0.01796875 0.01171875
1 0.37890625 0.5203125 0.01875 0.009375
1 0.3796875 0.534375 0.01796875 0.01015625
1 0.384375 0.54921875 0.01875 0.01328125
1 0.490625 0.62578125 0.01015625 0.02578125
1 0.496875 0.78671875 0.009375 0.028125
1 0.49921875 0.82421875 0.01015625 0.02890625
0 0.503125 0.9015625 0.01015625 0.034375
1 0.49609375 0.9671875 0.01015625 0.03046875
1 0.44375 0.95625 0.009375 0.02734375
1 0.6671875 0.9796875 0.0171875 0.025
1 0.68125 0.953125 0.015625 0.0265625
1 0.71328125 0.9609375 0.01875 0.015625
1 0.734375 0.959375 0.01953125 0.01484375
1 0.69375 0.98671875 0.009375 0.02421875
0 0.02421875 0.128125 0.03828125 0.028125
1 0.009375 0.096875 0.0140625 0.01328125
1 0.096875 0.140625 0.01953125 0.01328125
1 0.17578125 0.134375 0.0234375 0.01640625