1 0.103125 0.746875 0.0498046875 0.046484375
1 0.14609375 0.67421875 0.0494140625 0.0484375
0 0.27578125 0.63125 0.0650390625 0.0548828125
0 0.68515625 0.56875 0.09814453125 0.09814453125
1 0.5921875 0.51953125 0.04404296875 0.04345703125
1 0.48828125 0.54921875 0.040625 0.0365234375
1 0.7875 0.37734375 0.03974609375 0.040625
1 0.7890625 0.43125 0.0525390625 0.05234375
1 0.78046875 0.48828125 0.042578125 0.04267578125
1 0.83125 0.4953125 0.04296875 0.04287109375
1 0.84453125 0.453125 0.04853515625 0.04521484375
1 0.8859375 0.409375 0.05478515625 0.05380859375
1 0.9 0.45859375 0.0447265625 0.0439453125
1 0.83359375 0.390625 0.04453125 0.0443359375
1 0.94140625 0.41796875 0.04853515625 0.04755859375
1 0.96015625 0.4765625 0.04619140625 0.04130859375
2 0.965625 0.5296875 0.06875 0.06875
1 0.5265625 0.93359375 0.05537109375 0.05546875