1 0.96328125 0.15234375 0.0734375 0.0921875
1 0.421875 0.19609375 0.09453125 0.09375
1 0.30234375 0.22109375 0.068359375 0.068359375
1 0.40546875 0.0328125 0.0453125 0.065625
1 0.9453125 0.3890625 0.07734375 0.077734375
1 0.74375 0.390625 0.07109375 0.07109375
1 0.39609375 0.390625 0.07734375 0.0763671875
1 0.578125 0.46796875 0.069921875 0.0708984375
1 0.41875 0.4765625 0.06953125 0.06943359375
1 0.684375 0.50703125 0.070703125 0.11953125
1 0.81640625 0.64453125 0.0609375 0.0611328125
1 0.384375 0.6609375 0.0748046875 0.0751953125
1 0.10625 0.6890625 0.0765625 0.1099609375
1 0.0546875 0.70859375 0.083203125 0.08408203125
2 0.634375 0.80390625 0.0734375 0.13359375
1 0.78203125 0.1375 0.101953125 0.101953125