1 0.684375 0.5390625 0.04453125 0.10546875
1 0.7078125 0.40078125 0.075 0.059375
1 0.8734375 0.39140625 0.0671875 0.05859375
1 0.48671875 0.48125 0.0703125 0.059375
1 0.309375 0.2328125 0.06875 0.0484375
1 0.4109375 0.0453125 0.03203125 0.08203125
1 0.778125 0.15078125 0.04453125 0.12109375
1 0.9671875 0.165625 0.028125 0.13203125
1 0.0703125 0.71328125 0.046875 0.10703125
1 0.11953125 0.69140625 0.04375 0.1
2 0.63515625 0.79765625 0.0375 0.1375
1 0.3859375 0.6640625 0.059375 0.05859375
1 0.81640625 0.64296875 0.0609375 0.05