1 0.9765625 0.15390625 0.03125 0.13046875
1 0.421875 0.19609375 0.034375 0.125
1 0.30234375 0.22109375 0.06875 0.0640625
1 0.40625 0.03203125 0.03125 0.0640625
1 0.9453125 0.3890625 0.078125 0.0609375
1 0.74375 0.390625 0.06875 0.05
1 0.39609375 0.390625 0.065625 0.0859375
1 0.578125 0.46796875 0.065625 0.05546875
1 0.41875 0.4765625 0.06875 0.05859375
1 0.684375 0.50703125 0.0359375 0.121875
1 0.81640625 0.64453125 0.0609375 0.05546875
1 0.384375 0.6609375 0.0671875 0.0609375
1 0.10625 0.6890625 0.05 0.10546875
1 0.0546875 0.70859375 0.05 0.10859375
2 0.634375 0.80390625 0.0375 0.1359375
1 0.78203125 0.1375 0.0484375 0.121875