1 0.725 0.4265625 0.0859375 0.08583984375
1 0.85546875 0.3984375 0.08203125 0.0685546875
1 0.9515625 0.39140625 0.076171875 0.0712890625
1 0.190625 0.49296875 0.0755859375 0.07548828125
1 0.30859375 0.23359375 0.06953125 0.06953125
1 0.40859375 0.04453125 0.0578125 0.05791015625
1 0.77734375 0.153125 0.09921875 0.09921875
1 0.96484375 0.165625 0.0453125 0.1318359375
1 0.0703125 0.7125 0.0921875 0.09208984375
1 0.11953125 0.69140625 0.0515625 0.10234375
2 0.634375 0.7984375 0.09296875 0.0931640625
1 0.3859375 0.6640625 0.07109375 0.0708984375
1 0.81640625 0.64296875 0.06796875 0.059375