0 0.9640625 0.33046875 0.05625 0.04140625
1 0.96640625 0.4109375 0.0375 0.03359375
1 0.87265625 0.371875 0.0390625 0.028125
1 0.925 0.371875 0.04375 0.028125
1 0.97578125 0.484375 0.0375 0.03046875
1 0.81875 0.4765625 0.0375 0.028125
1 0.684375 0.528125 0.04375 0.03046875
1 0.109375 0.29296875 0.040625 0.0359375
1 0.521875 0.290625 0.0453125 0.0359375
1 0.325 0.4484375 0.040625 0.03046875
1 0.28828125 0.39453125 0.0421875 0.0390625
1 0.146875 0.3765625 0.0421875 0.0359375
1 0.1453125 0.421875 0.040625 0.03359375
1 0.97890625 0.37109375 0.0390625 0.03046875
1 0.55625 0.428125 0.03359375 0.028125
1 0.5671875 0.37890625 0.0375 0.03046875
1 0.5609375 0.3390625 0.034375 0.028125
1 0.60859375 0.3390625 0.0390625 0.028125
1 0.6140625 0.37578125 0.03828125 0.02890625
1 0.6125 0.4265625 0.040625 0.025
1 0.665625 0.421875 0.03671875 0.0265625
1 0.6515625 0.33203125 0.0390625 0.03046875
1 0.696875 0.3359375 0.03515625 0.025
1 0.7375 0.33203125 0.0328125 0.025
1 0.79296875 0.334375 0.0390625 0.03046875
1 0.778125 0.378125 0.0390625 0.028125
1 0.76171875 0.42109375 0.0390625 0.03046875
1 0.8109375 0.41796875 0.0390625 0.03046875
1 0.84296875 0.33046875 0.0375 0.028125
1 0.70859375 0.41640625 0.0359375 0.028125
0 0.696875 0.375 0.1 0.04453125
1 0.82890625 0.37109375 0.0390625 0.03046875
1 0.85625 0.415625 0.040625 0.028125
1 0.89453125 0.33046875 0.0375 0.028125
1 0.91171875 0.415625 0.040625 0.03046875
0 0.7796875 0.95703125 0.053125 0.078125