1 0.71484375 0.571875 0.091796875 0.09169921875
1 0.671875 0.465625 0.06796875 0.06630859375
1 0.58359375 0.39609375 0.0671875 0.0671875
1 0.42265625 0.478125 0.07421875 0.07412109375
1 0.45546875 0.184375 0.06484375 0.137109375
1 0.41875 0.23046875 0.085546875 0.08544921875
1 0.7828125 0.390625 0.07578125 0.0755859375
1 0.96171875 0.3875 0.069921875 0.070703125
1 0.30234375 0.22109375 0.06796875 0.06796875
1 0.40390625 0.03203125 0.05234375 0.05234375
1 0.78046875 0.14296875 0.096875 0.09677734375
1 0.971875 0.15625 0.05625 0.121875
1 0.05546875 0.7140625 0.088671875 0.0884765625
1 0.10703125 0.6875 0.06640625 0.10390625
2 0.63125 0.8109375 0.06171875 0.1419921875
1 0.384375 0.665625 0.07421875 0.07412109375
1 0.81640625 0.64296875 0.059765625 0.059765625