1 0.709375 0.5640625 0.097265625 0.098828125
1 0.6375 0.46796875 0.07109375 0.06181640625
1 0.5984375 0.39296875 0.07890625 0.0671875
1 0.42109375 0.4765625 0.075 0.0748046875
1 0.453125 0.21953125 0.0984375 0.09921875
1 0.41953125 0.2265625 0.0375 0.1166015625
1 0.8109375 0.390625 0.06953125 0.0693359375
1 0.97265625 0.3875 0.053515625 0.052734375
1 0.30234375 0.22109375 0.0671875 0.0671875
1 0.40390625 0.03203125 0.05234375 0.05234375
1 0.78046875 0.14296875 0.0890625 0.0880859375
1 0.96484375 0.15546875 0.0703125 0.0890625
1 0.05546875 0.7140625 0.094921875 0.09482421875
1 0.10703125 0.6875 0.071875 0.10078125
2 0.63203125 0.8109375 0.0953125 0.094140625
1 0.38515625 0.665625 0.06796875 0.0599609375
1 0.81640625 0.64296875 0.06640625 0.05703125