1 0.790625 0.146875 0.09833984375 0.09921875
1 0.97421875 0.1625 0.0515625 0.125
1 0.3015625 0.225 0.06640625 0.06640625
1 0.40546875 0.03203125 0.0390625 0.0640625
1 0.553125 0.409375 0.0783203125 0.077734375
1 0.21875 0.41796875 0.0712890625 0.07109375
1 0.578125 0.48515625 0.06669921875 0.066015625
2 0.3515625 0.503125 0.0931640625 0.0931640625
1 0.825 0.6578125 0.06630859375 0.0662109375
1 0.38359375 0.671875 0.073046875 0.073046875
1 0.1 0.7015625 0.08515625 0.086328125
1 0.046875 0.715625 0.05400390625 0.1109375
2 0.6375 0.815625 0.1041015625 0.10390625