0 0.96875 0.328125 0.05625 0.04140625
1 0.825 0.478125 0.04375 0.034375
1 0.9703125 0.409375 0.0390625 0.03046875
1 0.87421875 0.37109375 0.0390625 0.03046875
1 0.30703125 0.2890625 0.0421875 0.03359375
1 0.66484375 0.2875 0.0453125 0.0359375
1 0.58828125 0.51640625 0.0359375 0.03359375
1 0.62578125 0.478125 0.040625 0.028125
1 0.41796875 0.434375 0.0421875 0.034375
1 0.4984375 0.50390625 0.03984375 0.03046875
1 0.28125 0.396875 0.03984375 0.03046875
1 0.97265625 0.37109375 0.0296875 0.03046875
1 0.18046875 0.375 0.0375 0.03359375
0 0.09609375 0.421875 0.0671875 0.04140625
1 0.5546875 0.4234375 0.03359375 0.028125
1 0.56640625 0.378125 0.0375 0.03046875
1 0.559375 0.3375 0.0359375 0.025
1 0.60703125 0.3359375 0.0390625 0.028125
1 0.61328125 0.37109375 0.0390625 0.03046875
1 0.61171875 0.421875 0.040625 0.03046875
1 0.66328125 0.41953125 0.0375 0.028125
1 0.6515625 0.33203125 0.0390625 0.03046875
1 0.69609375 0.33203125 0.0359375 0.025
1 0.73671875 0.33046875 0.0328125 0.025
1 0.79296875 0.33203125 0.0390625 0.03046875
1 0.778125 0.3765625 0.0390625 0.03046875
1 0.75859375 0.42109375 0.0421875 0.03046875
1 0.81015625 0.41640625 0.0390625 0.03359375
1 0.8421875 0.328125 0.0375 0.028125
1 0.709375 0.41640625 0.03671875 0.028125
0 0.696875 0.3734375 0.09921875 0.04453125
1 0.82890625 0.371875 0.0390625 0.02890625
1 0.85625 0.415625 0.040625 0.028125
1 0.89375 0.3296875 0.0375 0.02890625
1 0.91171875 0.415625 0.040625 0.03046875
0 0.778125 0.95703125 0.05625 0.08046875