1 0.25234375 0.425 0.071484375 0.072265625
1 0.5015625 0.4890625 0.073828125 0.06484375
1 0.33515625 0.5 0.075390625 0.07529296875
1 0.91015625 0.384375 0.08046875 0.07958984375
1 0.06171875 0.5015625 0.069921875 0.069921875
1 0.30625 0.2359375 0.059375 0.059375
1 0.409375 0.03984375 0.0666015625 0.06669921875
1 0.78203125 0.15390625 0.09921875 0.0990234375
1 0.96328125 0.16171875 0.0734375 0.0890625
1 0.06015625 0.715625 0.078125 0.1138671875
1 0.1125 0.69453125 0.07265625 0.10556640625
2 0.634375 0.81640625 0.098046875 0.098828125
1 0.38515625 0.66640625 0.071875 0.07197265625
1 0.81875 0.6515625 0.0568359375 0.05703125