1 0.725 0.4265625 0.0796875 0.0794921875
1 0.85546875 0.3984375 0.07734375 0.06240234375
1 0.9515625 0.39140625 0.07421875 0.0732421875
1 0.190625 0.49296875 0.072265625 0.0619140625
1 0.30859375 0.23359375 0.07109375 0.07109375
1 0.40859375 0.04453125 0.0625 0.0626953125
1 0.77734375 0.153125 0.1 0.1
1 0.959375 0.1640625 0.08125 0.090625
1 0.0703125 0.7125 0.07890625 0.0787109375
1 0.11953125 0.69140625 0.0828125 0.0828125
2 0.634375 0.7984375 0.096875 0.0970703125
1 0.3859375 0.6640625 0.0640625 0.06396484375
1 0.81640625 0.64296875 0.065625 0.05625