1 0.9421875 0.50859375 0.07734375 0.07734375
1 0.04609375 0.428125 0.0796875 0.0625
1 0.34140625 0.41796875 0.07421875 0.07431640625
1 0.678125 0.39609375 0.06171875 0.06171875
1 0.8734375 0.38359375 0.06953125 0.06025390625
1 0.721875 0.48203125 0.080859375 0.080859375
1 0.96328125 0.38359375 0.0734375 0.0703125
1 0.69453125 0.640625 0.04375 0.11083984375
1 0.3015625 0.225 0.059375 0.059375
1 0.4046875 0.03359375 0.048828125 0.0494140625
1 0.7796875 0.1390625 0.10234375 0.10234375
1 0.96015625 0.15390625 0.0796875 0.0921875
1 0.0578125 0.7109375 0.0875 0.0873046875
1 0.109375 0.6890625 0.0453125 0.1
2 0.63046875 0.80546875 0.06640625 0.13984375
1 0.3828125 0.6640625 0.075 0.07099609375
1 0.81640625 0.64296875 0.065234375 0.065234375