1 0.28359375 0.4890625 0.072265625 0.072265625
1 0.7484375 0.40859375 0.072265625 0.07236328125
2 0.084375 0.4984375 0.103125 0.07333984375
1 0.30078125 0.2234375 0.06796875 0.06796875
1 0.40546875 0.03203125 0.05078125 0.05078125
1 0.78671875 0.146875 0.102734375 0.101953125
1 0.96796875 0.159375 0.0640625 0.0875
1 0.04765625 0.71484375 0.0953125 0.0953125
1 0.10078125 0.6984375 0.05546875 0.11240234375
2 0.6359375 0.8125 0.10546875 0.105078125
1 0.3828125 0.66953125 0.073828125 0.0740234375
1 0.8234375 0.65546875 0.062109375 0.0609375
1 0.47265625 0.41796875 0.06796875 0.05859375