1 0.778125 0.578125 0.075 0.0748046875
1 0.98203125 0.45546875 0.0359375 0.0421875
1 0.515625 0.3875 0.0748046875 0.0625
1 0.5734375 0.4734375 0.078125 0.07099609375
1 0.41796875 0.315625 0.05234375 0.1181640625
1 0.659375 0.39296875 0.080078125 0.07939453125
1 0.77890625 0.390625 0.066015625 0.065234375
1 0.94609375 0.384375 0.071484375 0.0705078125
1 0.30234375 0.21953125 0.06796875 0.06796875
1 0.40234375 0.03203125 0.0453125 0.0640625
1 0.78203125 0.14140625 0.087109375 0.087109375
1 0.9703125 0.1546875 0.059375 0.125
1 0.05390625 0.7125 0.092578125 0.0923828125
1 0.1046875 0.6890625 0.06875 0.10234375
2 0.63046875 0.809375 0.0578125 0.1396484375
1 0.38359375 0.665625 0.07109375 0.0638671875
1 0.81640625 0.64296875 0.058984375 0.058984375