1 0.534375 0.4859375 0.076171875 0.06640625
1 0.571875 0.40859375 0.0671875 0.0662109375
2 0.309375 0.50390625 0.092578125 0.0927734375
1 0.3015625 0.2234375 0.0640625 0.0640625
1 0.40546875 0.03203125 0.0359375 0.0640625
1 0.78984375 0.146875 0.095703125 0.095703125
1 0.96875 0.1609375 0.0625 0.084375
1 0.046875 0.715625 0.05703125 0.1115234375
1 0.1 0.7 0.06015625 0.1162109375
2 0.6375 0.8140625 0.090625 0.0904296875
1 0.3828125 0.67109375 0.07578125 0.0712890625
1 0.825 0.65546875 0.058984375 0.059375
1 0.25546875 0.4140625 0.063671875 0.0630859375