1 0.9484375 0.5265625 0.03916015625 0.03740234375
0 0.96796875 0.328125 0.05859375 0.05869140625
1 0.9390625 0.4734375 0.0421875 0.04208984375
1 0.840625 0.4765625 0.041796875 0.0373046875
1 0.58984375 0.4734375 0.04765625 0.048046875
1 0.97109375 0.41015625 0.0421875 0.0419921875
1 0.87421875 0.371875 0.033984375 0.0349609375
1 0.17890625 0.29140625 0.04453125 0.04462890625
1 0.66484375 0.2875 0.0484375 0.0451171875
1 0.96796875 0.27890625 0.04140625 0.04140625
1 0.3765625 0.465625 0.0390625 0.0388671875
1 0.41015625 0.421875 0.04609375 0.0412109375
1 0.22578125 0.3859375 0.046875 0.0404296875
1 0.27890625 0.44140625 0.033984375 0.033984375
1 0.0984375 0.37109375 0.0400390625 0.0404296875
1 0.5546875 0.421875 0.0365234375 0.03203125
1 0.56640625 0.3765625 0.0390625 0.03271484375
1 0.55859375 0.3375 0.035546875 0.035546875
1 0.60703125 0.3359375 0.04140625 0.03203125
1 0.6125 0.37109375 0.038671875 0.0388671875
1 0.61171875 0.421875 0.0375 0.0373046875
1 0.66328125 0.41796875 0.0390625 0.028125
1 0.65078125 0.33046875 0.03984375 0.04072265625
1 0.696875 0.33203125 0.0322265625 0.03125
1 0.73671875 0.32890625 0.034375 0.02734375
1 0.7921875 0.33203125 0.0451171875 0.03837890625
1 0.778125 0.3765625 0.0400390625 0.03974609375
1 0.75859375 0.42109375 0.04453125 0.03369140625
1 0.809375 0.41640625 0.0431640625 0.03916015625
1 0.8421875 0.328125 0.04296875 0.0388671875
1 0.70703125 0.4140625 0.037109375 0.037109375
0 0.696875 0.3734375 0.08203125 0.08212890625
1 0.82890625 0.3703125 0.04140625 0.0314453125
1 0.85625 0.415625 0.0390625 0.0390625
1 0.89296875 0.328125 0.0328125 0.03203125
1 0.9109375 0.415625 0.0390625 0.0388671875
0 0.77734375 0.95703125 0.079296875 0.0794921875