1 0.20234375 0.4109375 0.04296875 0.03671875
1 0.2421875 0.36796875 0.0455078125 0.03837890625
1 0.09296875 0.3984375 0.041796875 0.04169921875
0 0.56953125 0.27890625 0.06015625 0.06015625
0 0.9671875 0.3265625 0.06171875 0.0509765625
1 0.07890625 0.35703125 0.038671875 0.0388671875
1 0.69140625 0.471875 0.04296875 0.03896484375
1 0.82421875 0.475 0.040234375 0.0400390625
1 0.7359375 0.52578125 0.04033203125 0.04013671875
1 0.87421875 0.52109375 0.046875 0.046875
1 0.5734375 0.46796875 0.0447265625 0.044921875
1 0.409375 0.428125 0.0328125 0.03271484375
0 0.446875 0.48359375 0.0765625 0.06484375
1 0.43984375 0.59296875 0.06015625 0.06015625
1 0.553125 0.41953125 0.0375 0.0375
1 0.56484375 0.371875 0.0359375 0.03583984375
1 0.55703125 0.33203125 0.036328125 0.036328125
1 0.60546875 0.33359375 0.04296875 0.03515625
1 0.61015625 0.36796875 0.040625 0.04072265625
1 0.609375 0.41875 0.04072265625 0.04072265625
1 0.6609375 0.415625 0.04140625 0.0359375
1 0.64921875 0.3265625 0.041796875 0.0416015625
1 0.69453125 0.328125 0.036328125 0.036328125
1 0.73515625 0.3265625 0.035546875 0.035546875
1 0.05390625 0.2734375 0.041796875 0.0421875
1 0.79140625 0.3296875 0.04140625 0.0345703125
1 0.77578125 0.371875 0.041796875 0.04248046875
1 0.7578125 0.41796875 0.04453125 0.0384765625
1 0.80625 0.415625 0.042578125 0.041796875
1 0.840625 0.3265625 0.03984375 0.0396484375
1 0.70390625 0.41015625 0.0390625 0.03896484375
0 0.6953125 0.36953125 0.074609375 0.0751953125
1 0.828125 0.36875 0.040234375 0.0400390625
1 0.853125 0.4125 0.04443359375 0.0375
1 0.89140625 0.328125 0.04140625 0.0353515625
1 0.2078125 0.2875 0.0390625 0.03896484375
1 0.303125 0.43046875 0.0421875 0.0345703125
1 0.9078125 0.4140625 0.03984375 0.03974609375
1 0.5625 0.5375 0.040625 0.0408203125
0 0.77578125 0.95546875 0.075 0.07509765625