0 0.965625 0.32890625 0.055859375 0.0556640625
1 0.96875 0.41171875 0.0431640625 0.0396484375
1 0.8734375 0.371875 0.042578125 0.03203125
1 0.925 0.37265625 0.0439453125 0.0439453125
1 0.97421875 0.50703125 0.04609375 0.03759765625
1 0.85078125 0.48125 0.0359375 0.0291015625
1 0.74609375 0.5078125 0.044921875 0.045703125
1 0.61328125 0.528125 0.04765625 0.0435546875
1 0.6484375 0.48203125 0.04765625 0.03759765625
1 0.30625 0.55859375 0.052734375 0.05341796875
1 0.4578125 0.44453125 0.046875 0.0474609375
1 0.3 0.44296875 0.047265625 0.047265625
1 0.40234375 0.29296875 0.04453125 0.04453125
1 0.63125 0.290625 0.046875 0.044921875
1 0.0328125 0.4125 0.03515625 0.0349609375
1 0.97890625 0.37109375 0.03828125 0.03837890625
1 0.55625 0.4265625 0.03203125 0.03203125
1 0.56640625 0.37890625 0.036328125 0.0365234375
1 0.5609375 0.33984375 0.03408203125 0.033984375
1 0.60859375 0.3390625 0.040625 0.03125
1 0.61328125 0.375 0.040234375 0.040234375
1 0.6125 0.425 0.04453125 0.0375
1 0.6640625 0.421875 0.03349609375 0.0337890625
1 0.6515625 0.33203125 0.0376953125 0.03876953125
1 0.696875 0.334375 0.03134765625 0.03125
1 0.7375 0.33203125 0.0322265625 0.03203125
1 0.79296875 0.334375 0.040625 0.0337890625
1 0.778125 0.378125 0.039453125 0.0392578125
1 0.7609375 0.42109375 0.0384765625 0.03955078125
1 0.81015625 0.41796875 0.04140625 0.0416015625
1 0.84296875 0.33046875 0.0375 0.0375
1 0.70859375 0.41640625 0.037890625 0.037890625
0 0.696875 0.375 0.0771484375 0.0775390625
1 0.82890625 0.371875 0.04296875 0.03525390625
1 0.85625 0.415625 0.03984375 0.03984375
1 0.89375 0.32890625 0.034765625 0.0341796875
1 0.91171875 0.415625 0.0390625 0.0388671875
0 0.7796875 0.95703125 0.0662109375 0.08515625