0 0.96875 0.328125 0.06015625 0.0462890625
1 0.9703125 0.409375 0.0451171875 0.03896484375
1 0.87421875 0.371875 0.04296875 0.0369140625
1 0.31875 0.3015625 0.04365234375 0.0455078125
1 0.8171875 0.503125 0.034375 0.0341796875
1 0.8828125 0.48203125 0.0453125 0.03759765625
1 0.653125 0.478125 0.037890625 0.0380859375
1 0.7484375 0.5375 0.03359375 0.034375
1 0.4984375 0.4625 0.0419921875 0.0419921875
1 0.9421875 0.371875 0.0375 0.0359375
1 0.4 0.42578125 0.036328125 0.0369140625
0 0.34453125 0.465625 0.071875 0.0546875
1 0.1890625 0.4234375 0.04375 0.0439453125
1 0.20859375 0.378125 0.041015625 0.041015625
1 0.09140625 0.4125 0.040234375 0.04013671875
1 0.08671875 0.37109375 0.04296875 0.0431640625
1 0.0140625 0.41484375 0.028125 0.0296875
1 0.55625 0.425 0.03427734375 0.028125
1 0.56640625 0.378125 0.0390625 0.03896484375
1 0.559375 0.3390625 0.038671875 0.0390625
1 0.60703125 0.3375 0.033984375 0.034765625
1 0.61328125 0.371875 0.040625 0.0333984375
1 0.61171875 0.4234375 0.0375 0.0365234375
1 0.66328125 0.41953125 0.04140625 0.034375
1 0.6515625 0.33203125 0.040625 0.0419921875
1 0.696875 0.33359375 0.0361328125 0.03515625
1 0.7375 0.33046875 0.033984375 0.028125
1 0.79296875 0.33203125 0.04140625 0.04150390625
1 0.778125 0.3765625 0.0400390625 0.03974609375
1 0.759375 0.42109375 0.0453125 0.0384765625
1 0.81015625 0.41640625 0.04375 0.0392578125
1 0.8421875 0.32890625 0.04140625 0.03603515625
1 0.70859375 0.41640625 0.037109375 0.037109375
0 0.696875 0.3734375 0.08359375 0.08369140625
1 0.82890625 0.37109375 0.04296875 0.03603515625
1 0.85625 0.415625 0.04140625 0.04140625
1 0.89375 0.32890625 0.035546875 0.0349609375
1 0.91171875 0.415625 0.03984375 0.0396484375
0 0.77890625 0.95625 0.0703125 0.0875