1 0.803125 0.571875 0.07265625 0.0646484375
1 0.490625 0.37109375 0.08125 0.08203125
1 0.68671875 0.47109375 0.076171875 0.0763671875
1 0.42578125 0.36640625 0.08046875 0.0794921875
1 0.63671875 0.396875 0.076953125 0.0759765625
1 0.7515625 0.39296875 0.062109375 0.0609375
1 0.88984375 0.390625 0.077734375 0.0767578125
1 0.30234375 0.21953125 0.07578125 0.06328125
1 0.40234375 0.03203125 0.05390625 0.05390625
1 0.78203125 0.14140625 0.088671875 0.088671875
1 0.96640625 0.153125 0.0671875 0.08125
1 0.053125 0.7125 0.09609375 0.0951171875
1 0.10390625 0.6890625 0.05390625 0.103125
2 0.63046875 0.80859375 0.096484375 0.096484375
1 0.38359375 0.6640625 0.07109375 0.06396484375
1 0.81640625 0.64296875 0.0671875 0.05859375