1 0.78125 0.15390625 0.103125 0.103125
1 0.9703125 0.16328125 0.059375 0.1265625
1 0.30625 0.240625 0.07578125 0.07568359375
1 0.8546875 0.3875 0.07734375 0.07724609375
1 0.41015625 0.04140625 0.06953125 0.06953125
1 0.17734375 0.42890625 0.069140625 0.069140625
1 0.59453125 0.4875 0.078125 0.06640625
1 0.41328125 0.49453125 0.0671875 0.0671875
1 0.13359375 0.4984375 0.069140625 0.069140625
1 0.81875 0.6515625 0.06640625 0.0578125
1 0.38828125 0.67109375 0.07734375 0.0728515625
1 0.11171875 0.7015625 0.071875 0.11162109375
1 0.065625 0.72109375 0.09765625 0.098046875
2 0.6375 0.8140625 0.040625 0.141015625