1 0.91640625 0.4765625 0.07109375 0.04765625
1 0.45859375 0.2890625 0.082421875 0.0833984375
2 0.6890625 0.49140625 0.085546875 0.0857421875
1 0.30234375 0.225 0.06640625 0.06640625
1 0.40703125 0.03203125 0.05625 0.05625
1 0.79375 0.146875 0.09453125 0.09453125
1 0.9703125 0.1609375 0.059375 0.084375
1 0.0484375 0.7109375 0.0796875 0.112109375
1 0.09921875 0.7 0.0859375 0.08583984375
2 0.63984375 0.81796875 0.0453125 0.1375
1 0.3828125 0.671875 0.071875 0.0716796875
1 0.8265625 0.65859375 0.062109375 0.05234375