1 0.803125 0.571875 0.07578125 0.0755859375
1 0.490625 0.37109375 0.0734375 0.08125
1 0.68671875 0.47109375 0.066796875 0.0669921875
1 0.42578125 0.36640625 0.0796875 0.07880859375
1 0.63671875 0.396875 0.069921875 0.06904296875
1 0.7515625 0.39296875 0.0736328125 0.0734375
1 0.88984375 0.390625 0.066796875 0.0658203125
1 0.30234375 0.21953125 0.06484375 0.06484375
1 0.40234375 0.03203125 0.05078125 0.05078125
1 0.78203125 0.14140625 0.0828125 0.121875
1 0.965625 0.15234375 0.06875 0.0828125
1 0.053125 0.7125 0.0953125 0.09443359375
1 0.10390625 0.6890625 0.08515625 0.08515625
2 0.63046875 0.80859375 0.098046875 0.098046875
1 0.38359375 0.6640625 0.071484375 0.0705078125
1 0.81640625 0.64296875 0.064453125 0.064453125