1 0.68671875 0.73046875 0.0359375 0.10859375
1 0.03046875 0.43359375 0.0609375 0.0609375
1 0.35703125 0.4140625 0.0671875 0.05859375
1 0.9421875 0.47109375 0.0703125 0.05859375
1 0.66015625 0.4 0.0578125 0.05546875
1 0.0390625 0.50234375 0.07734375 0.059375
1 0.3109375 0.2359375 0.06875 0.05
1 0.41171875 0.04296875 0.0328125 0.0859375
1 0.77734375 0.15859375 0.0453125 0.121875
1 0.96171875 0.16796875 0.028125 0.13046875
1 0.0703125 0.7125 0.046875 0.10859375
1 0.11953125 0.69140625 0.04375 0.1
2 0.6359375 0.796875 0.0375 0.1390625
1 0.38671875 0.6640625 0.0578125 0.05859375
1 0.81640625 0.64296875 0.0609375 0.05