1 0.96328125 0.15234375 0.0734375 0.0921875
1 0.421875 0.19609375 0.09296875 0.09296875
1 0.30234375 0.22109375 0.0796875 0.0765625
1 0.40625 0.03203125 0.056640625 0.056640625
1 0.9453125 0.3890625 0.0875 0.076171875
1 0.74375 0.390625 0.059375 0.059375
1 0.39609375 0.390625 0.0890625 0.0880859375
1 0.578125 0.46796875 0.0734375 0.06494140625
1 0.41875 0.4765625 0.07890625 0.0724609375
1 0.684375 0.50703125 0.080078125 0.08125
1 0.81640625 0.64453125 0.06953125 0.06962890625
1 0.384375 0.6609375 0.0755859375 0.0767578125
1 0.10625 0.6890625 0.0703125 0.1115234375
1 0.0546875 0.70859375 0.0640625 0.1126953125
2 0.634375 0.80390625 0.102734375 0.102734375
1 0.78203125 0.1375 0.099609375 0.098828125