1 0.340625 0.3890625 0.04296875 0.0427734375
1 0.4484375 0.43359375 0.0455078125 0.045703125
1 0.37734375 0.45390625 0.040625 0.0376953125
1 0.49375 0.49140625 0.047265625 0.046484375
1 0.2359375 0.36796875 0.04453125 0.0384765625
1 0.728125 0.4765625 0.04296875 0.0404296875
1 0.80390625 0.525 0.0421875 0.0419921875
1 0.1078125 0.35546875 0.03671875 0.0361328125
0 0.17578125 0.40703125 0.06328125 0.06240234375
1 0.39296875 0.659375 0.062109375 0.062890625
1 0.5515625 0.41796875 0.038671875 0.034375
1 0.5640625 0.37109375 0.0390625 0.03212890625
1 0.55625 0.32890625 0.03515625 0.0365234375
1 0.35390625 0.28046875 0.0390625 0.0392578125
1 0.6046875 0.33203125 0.037890625 0.03798828125
1 0.609375 0.36640625 0.035546875 0.03642578125
1 0.60859375 0.41796875 0.0421875 0.0423828125
1 0.66015625 0.4140625 0.0390625 0.0390625
1 0.64921875 0.325 0.038671875 0.0392578125
1 0.69375 0.32734375 0.0392578125 0.0318359375
1 0.73359375 0.32578125 0.038671875 0.03857421875
1 0.56015625 0.2734375 0.047265625 0.04765625
1 0.78984375 0.328125 0.0453125 0.04208984375
1 0.77578125 0.371875 0.03984375 0.0330078125
1 0.75703125 0.41640625 0.0453125 0.0455078125
1 0.8078125 0.41484375 0.0458984375 0.04140625
1 0.8390625 0.3265625 0.03984375 0.03974609375
1 0.70390625 0.40859375 0.034375 0.0345703125
0 0.69453125 0.36796875 0.08203125 0.08115234375
1 0.84296875 0.36640625 0.039453125 0.039453125
1 0.8640625 0.4109375 0.03828125 0.03828125
1 0.9015625 0.325 0.04140625 0.03671875
1 0.71875 0.275 0.03828125 0.03818359375
1 0.05546875 0.39296875 0.04453125 0.04453125
1 0.9515625 0.4109375 0.0390625 0.0392578125
1 0.4671875 0.5734375 0.0572265625 0.057421875
0 0.775 0.95625 0.0833984375 0.0837890625