1 0.94921875 0.50390625 0.06875 0.075
1 0.01875 0.42890625 0.0375 0.05
1 0.309375 0.42109375 0.0703125 0.05546875
1 0.6546875 0.396875 0.065625 0.05546875
1 0.86484375 0.384375 0.0671875 0.05859375
1 0.75078125 0.48046875 0.0765625 0.0609375
1 0.95625 0.384375 0.078125 0.05859375
1 0.69609375 0.6265625 0.0359375 0.10859375
1 0.3015625 0.225 0.06875 0.05
1 0.4046875 0.03359375 0.028125 0.06640625
1 0.7796875 0.1390625 0.05 0.121875
1 0.96953125 0.15546875 0.028125 0.13359375
1 0.0578125 0.7109375 0.05 0.10546875
1 0.11015625 0.6890625 0.04375 0.1
2 0.63046875 0.80546875 0.0375 0.1390625
1 0.3828125 0.6640625 0.065625 0.05859375
1 0.81640625 0.64296875 0.0609375 0.05