1 0.34375 0.41171875 0.0771484375 0.08359375
1 0.365625 0.49453125 0.07568359375 0.05625
1 0.2046875 0.5046875 0.07646484375 0.07666015625
1 0.97890625 0.38203125 0.0421875 0.0484375
1 0.30625 0.23671875 0.067578125 0.067578125
1 0.409375 0.03984375 0.0634765625 0.06279296875
1 0.7828125 0.1546875 0.1013671875 0.1013671875
1 0.96484375 0.16171875 0.0703125 0.0828125
1 0.0609375 0.715625 0.07197265625 0.11181640625
1 0.1125 0.69609375 0.075390625 0.0763671875
2 0.634375 0.81875 0.10546875 0.10546875
1 0.3859375 0.66640625 0.06298828125 0.06220703125
1 0.81875 0.6515625 0.0701171875 0.06171875