1 0.740625 0.58359375 0.06875 0.075
1 0.82734375 0.45859375 0.065625 0.05546875
1 0.55390625 0.39296875 0.0703125 0.05
1 0.45390625 0.4734375 0.06875 0.05859375
1 0.4484375 0.03359375 0.0375 0.06640625
1 0.41640625 0.2515625 0.0296875 0.11640625
1 0.70625 0.390625 0.078125 0.05859375
1 0.859375 0.3859375 0.075 0.05
1 0.30234375 0.21796875 0.06875 0.046875
1 0.403125 0.03203125 0.028125 0.0640625
1 0.78125 0.14140625 0.05 0.121875
1 0.9765625 0.15546875 0.028125 0.13359375
1 0.0546875 0.7125 0.05 0.10859375
1 0.10625 0.6890625 0.04375 0.1
2 0.63125 0.8109375 0.0375 0.1390625
1 0.384375 0.665625 0.065625 0.05859375
1 0.81640625 0.64296875 0.0609375 0.05