1 0.971875 0.15234375 0.028125 0.13203125
1 0.2984375 0.22578125 0.06875 0.059375
1 0.40234375 0.0328125 0.0296875 0.065625
1 0.9734375 0.3734375 0.0515625 0.05859375
1 0.8625 0.3859375 0.065625 0.05546875
1 0.709375 0.40078125 0.07109375 0.05703125
1 0.515625 0.4015625 0.0703125 0.05
1 0.3 0.415625 0.071875 0.059375
1 0.8 0.465625 0.065625 0.05859375
1 0.28125 0.49453125 0.07265625 0.0609375
1 0.87109375 0.5484375 0.0703125 0.071875
1 0.8171875 0.64375 0.06171875 0.0515625
1 0.3828125 0.66484375 0.06640625 0.059375
1 0.10390625 0.690625 0.04375 0.1
1 0.053125 0.7125 0.05078125 0.10859375
2 0.6296875 0.80625 0.03828125 0.1375
1 0.6828125 0.853125 0.03515625 0.109375
1 0.778125 0.134375 0.04921875 0.121875