0 0.9671875 0.32890625 0.0625 0.05458984375
1 0.96875 0.4109375 0.039453125 0.0373046875
1 0.8734375 0.371875 0.0380859375 0.03828125
1 0.925 0.371875 0.0390625 0.0390625
1 0.90859375 0.471875 0.04140625 0.0416015625
1 0.7125 0.52734375 0.0404296875 0.0400390625
1 0.740625 0.475 0.0390625 0.0388671875
1 0.53046875 0.62890625 0.047265625 0.047265625
1 0.63203125 0.48046875 0.04140625 0.0416015625
1 0.4796875 0.45546875 0.0357421875 0.0359375
1 0.415625 0.4765625 0.0478515625 0.0478515625
1 0.28046875 0.440625 0.040234375 0.0392578125
1 0.2984375 0.38984375 0.0443359375 0.04453125
1 0.1375 0.41953125 0.04609375 0.0369140625
1 0.13046875 0.36796875 0.05 0.04306640625
1 0.05234375 0.415625 0.048828125 0.04951171875
1 0.8875 0.28046875 0.04609375 0.04296875
1 0.978125 0.37109375 0.04375 0.0390625
1 0.55546875 0.4265625 0.033203125 0.033984375
1 0.56640625 0.37890625 0.034765625 0.03486328125
1 0.56015625 0.3390625 0.036328125 0.036328125
1 0.6078125 0.3375 0.0375 0.0359375
1 0.61328125 0.3734375 0.041015625 0.0408203125
1 0.61171875 0.425 0.04140625 0.04140625
1 0.6640625 0.42109375 0.040625 0.0328125
1 0.6515625 0.33203125 0.0443359375 0.03681640625
1 0.696875 0.334375 0.03203125 0.03203125
1 0.7375 0.33046875 0.0306640625 0.03046875
1 0.79296875 0.334375 0.04453125 0.03994140625
1 0.778125 0.378125 0.0345703125 0.03427734375
1 0.7609375 0.42109375 0.04091796875 0.04111328125
1 0.81015625 0.41796875 0.03984375 0.0400390625
1 0.8421875 0.32890625 0.037109375 0.0373046875
1 0.70859375 0.41640625 0.038671875 0.038671875
0 0.696875 0.375 0.0716796875 0.0720703125
1 0.82890625 0.37109375 0.040625 0.0408203125
1 0.85625 0.415625 0.04453125 0.03671875
1 0.89375 0.32890625 0.0421875 0.0369140625
1 0.91171875 0.415625 0.0421875 0.03349609375
0 0.7796875 0.95703125 0.0765625 0.0765625