1 0.74453125 0.4125 0.077734375 0.0771484375
1 0.86328125 0.3984375 0.08046875 0.0669921875
1 0.98125 0.47421875 0.0375 0.0578125
1 0.95859375 0.39296875 0.07265625 0.0728515625
1 0.034375 0.503125 0.06875 0.075
1 0.30859375 0.2359375 0.07578125 0.06640625
1 0.40859375 0.04453125 0.05859375 0.0587890625
1 0.77578125 0.15703125 0.07421875 0.1240234375
1 0.9625 0.165625 0.04453125 0.1318359375
1 0.0703125 0.7125 0.07421875 0.1123046875
1 0.11953125 0.69140625 0.08671875 0.08671875
2 0.634375 0.7984375 0.0390625 0.1345703125
1 0.3859375 0.6640625 0.06796875 0.06787109375
1 0.81640625 0.64296875 0.06171875 0.05078125