1 0.74609375 0.4109375 0.0671875 0.06728515625
1 0.865625 0.3984375 0.08203125 0.0693359375
1 0.94140625 0.478125 0.0734375 0.05615234375
1 0.96171875 0.39296875 0.0671875 0.06806640625
1 0.3078125 0.2375 0.0734375 0.0546875
1 0.40859375 0.04453125 0.0640625 0.06416015625
1 0.77578125 0.15859375 0.086328125 0.086328125
1 0.95703125 0.1640625 0.0859375 0.09375
1 0.0703125 0.7125 0.0671875 0.1138671875
1 0.11953125 0.69140625 0.08515625 0.08515625
2 0.634375 0.7984375 0.0515625 0.1369140625
1 0.3859375 0.6640625 0.07109375 0.07099609375
1 0.81640625 0.64296875 0.065234375 0.065234375