1 0.734375 0.52890625 0.04140625 0.03759765625
1 0.92265625 0.46796875 0.046875 0.046875
1 0.625 0.51953125 0.02734375 0.0265625
0 0.9671875 0.328125 0.0625 0.05166015625
1 0.703125 0.4765625 0.04296875 0.04287109375
1 0.603125 0.46875 0.040234375 0.0408203125
1 0.4421875 0.47890625 0.0375 0.0380859375
1 0.375 0.42109375 0.047265625 0.046484375
1 0.97265625 0.409375 0.037890625 0.03701171875
1 0.87890625 0.36953125 0.039453125 0.039453125
1 0.51875 0.2875 0.0390625 0.03740234375
1 0.15546875 0.42109375 0.0421875 0.0400390625
1 0.2078125 0.37265625 0.04169921875 0.04169921875
1 0.04765625 0.36953125 0.04296875 0.04306640625
1 0.05078125 0.4140625 0.038671875 0.038671875
1 0.5546875 0.421875 0.034375 0.02890625
1 0.565625 0.3765625 0.04296875 0.03974609375
1 0.55859375 0.3359375 0.03671875 0.0296875
1 0.60625 0.3359375 0.040625 0.03359375
1 0.6125 0.36953125 0.040625 0.03681640625
1 0.6109375 0.42109375 0.035546875 0.0365234375
1 0.6625 0.41796875 0.0375 0.0375
1 0.65 0.32890625 0.0365234375 0.03564453125
1 0.696875 0.33046875 0.0306640625 0.03046875
1 0.73671875 0.32890625 0.032421875 0.032421875
1 0.7921875 0.33046875 0.040234375 0.0330078125
1 0.77734375 0.375 0.040234375 0.04091796875
1 0.75859375 0.41953125 0.046875 0.0408203125
1 0.80859375 0.4171875 0.042578125 0.042578125
1 0.8421875 0.328125 0.03671875 0.0365234375
1 0.70625 0.4125 0.034765625 0.03515625
0 0.696875 0.371875 0.10302734375 0.06884765625
1 0.82890625 0.36953125 0.04296875 0.0375
1 0.85625 0.4140625 0.0380859375 0.03828125
1 0.89296875 0.328125 0.0359375 0.03515625
1 0.91015625 0.415625 0.0453125 0.04052734375
0 0.77734375 0.95703125 0.0796875 0.0798828125