1 0.79296875 0.146875 0.0484375 0.121875
1 0.98671875 0.1625 0.025 0.13359375
1 0.30234375 0.225 0.06875 0.05
1 0.40703125 0.03203125 0.0296875 0.0640625
1 0.4703125 0.340625 0.05625 0.096875
1 0.0203125 0.42109375 0.040625 0.0484375
1 0.8328125 0.478125 0.075 0.05546875
2 0.60390625 0.49609375 0.0984375 0.05859375
1 0.8296875 0.6640625 0.0625 0.05
1 0.3859375 0.678125 0.0671875 0.0609375
1 0.09921875 0.7015625 0.04375 0.10859375
1 0.04921875 0.7234375 0.0515625 0.121875
2 0.64140625 0.8234375 0.0390625 0.1359375