1 0.96171875 0.15234375 0.0765625 0.0890625
1 0.30234375 0.225 0.075 0.0609375
1 0.40234375 0.0328125 0.0484375 0.065625
1 0.95546875 0.37890625 0.06640625 0.06728515625
1 0.83125 0.390625 0.075 0.06865234375
1 0.62734375 0.403125 0.079296875 0.0791015625
1 0.41171875 0.409375 0.06328125 0.06328125
1 0.115625 0.425 0.07421875 0.07412109375
1 0.9484375 0.4625 0.06796875 0.06240234375
1 0.434375 0.49296875 0.08515625 0.0765625
1 0.87890625 0.546875 0.07734375 0.078125
1 0.81640625 0.64296875 0.066796875 0.066796875
1 0.3828125 0.6640625 0.07265625 0.0728515625
1 0.10546875 0.690625 0.04375 0.1
1 0.0546875 0.7125 0.0671875 0.1138671875
1 0.68359375 0.79140625 0.05234375 0.11328125
2 0.63359375 0.80546875 0.05234375 0.14140625
1 0.78046875 0.1375 0.099609375 0.099609375