0 0.96328125 0.33046875 0.05859375 0.0451171875
1 0.96640625 0.4109375 0.0390625 0.0380859375
1 0.87265625 0.371875 0.040234375 0.040234375
1 0.925 0.371875 0.04375 0.04375
1 0.01640625 0.29609375 0.0328125 0.0359375
1 0.6625 0.521875 0.04140625 0.03505859375
1 0.58671875 0.47109375 0.04453125 0.04453125
1 0.47421875 0.45 0.04140625 0.0357421875
1 0.4765625 0.50390625 0.037109375 0.03642578125
1 0.3109375 0.41015625 0.0458984375 0.0412109375
1 0.23359375 0.428125 0.042578125 0.04326171875
1 0.15625 0.378125 0.040625 0.040625
1 0.978125 0.3703125 0.04375 0.0375
1 0.06875 0.41640625 0.04609375 0.03359375
1 0.01796875 0.37265625 0.0359375 0.0328125
1 0.55625 0.428125 0.0375 0.0375
1 0.5671875 0.37890625 0.03828125 0.03134765625
1 0.5609375 0.33984375 0.03173828125 0.030859375
1 0.60859375 0.3390625 0.038671875 0.039453125
1 0.6140625 0.375 0.0390625 0.0390625
1 0.6125 0.4265625 0.03359375 0.034375
1 0.66484375 0.42109375 0.0375 0.02734375
1 0.6515625 0.33203125 0.0451171875 0.03916015625
1 0.696875 0.3359375 0.03828125 0.03203125
1 0.7375 0.33203125 0.0283203125 0.028125
1 0.79296875 0.334375 0.041796875 0.0416015625
1 0.778125 0.378125 0.038671875 0.0384765625
1 0.76171875 0.42109375 0.04140625 0.04150390625
1 0.8109375 0.41796875 0.0416015625 0.04189453125
1 0.84296875 0.33046875 0.04140625 0.0359375
1 0.70859375 0.41640625 0.03828125 0.03125
0 0.696875 0.375 0.08359375 0.0837890625
1 0.82890625 0.37109375 0.040625 0.0322265625
1 0.85625 0.415625 0.0421875 0.03125
1 0.89453125 0.33125 0.03359375 0.03447265625
1 0.91171875 0.415625 0.040625 0.04052734375
0 0.7796875 0.95703125 0.07724609375 0.07734375