1 0.8453125 0.55859375 0.075 0.07109375
1 0.4484375 0.2 0.053515625 0.111328125
1 0.5453125 0.4734375 0.077734375 0.0806640625
1 0.56484375 0.4 0.0859375 0.0748046875
1 0.68203125 0.39609375 0.072265625 0.072265625
1 0.80234375 0.39453125 0.08515625 0.0720703125
1 0.940625 0.38359375 0.069921875 0.0701171875
1 0.30234375 0.22109375 0.07578125 0.0625
1 0.40234375 0.03203125 0.05625 0.05625
1 0.78046875 0.1375 0.087109375 0.08798828125
1 0.96171875 0.1515625 0.0765625 0.090625
1 0.05234375 0.7125 0.091015625 0.0908203125
1 0.103125 0.6890625 0.071875 0.10078125
2 0.6296875 0.80703125 0.104296875 0.104296875
1 0.3828125 0.6640625 0.07578125 0.0708984375
1 0.81640625 0.64296875 0.06875 0.06015625