1 0.4734375 0.4875 0.06640625 0.065625
1 0.84140625 0.39453125 0.06953125 0.06953125
1 0.9609375 0.39140625 0.07734375 0.0640625
1 0.13125 0.49609375 0.0796875 0.06650390625
1 0.30703125 0.234375 0.06875 0.06796875
1 0.40703125 0.040625 0.062109375 0.062109375
1 0.77734375 0.15703125 0.1 0.09990234375
1 0.96328125 0.1640625 0.03828125 0.13505859375
1 0.0671875 0.7109375 0.04765625 0.1060546875
1 0.1171875 0.69140625 0.04453125 0.1
2 0.63359375 0.8 0.1046875 0.105078125
1 0.38515625 0.6640625 0.063671875 0.06357421875
1 0.81640625 0.64296875 0.059765625 0.059765625