1 0.70703125 0.559375 0.087109375 0.0865234375
1 0.62265625 0.46796875 0.065625 0.05478515625
1 0.60546875 0.39296875 0.07265625 0.07265625
1 0.42109375 0.475 0.07734375 0.0685546875
1 0.45234375 0.2359375 0.0546875 0.125
1 0.41953125 0.2234375 0.05546875 0.11494140625
1 0.825 0.3890625 0.08203125 0.08193359375
1 0.975 0.3859375 0.05 0.05
1 0.30234375 0.22109375 0.0734375 0.0546875
1 0.40390625 0.03203125 0.0546875 0.0546875
1 0.7796875 0.14296875 0.101953125 0.10185546875
1 0.96484375 0.15546875 0.0703125 0.0890625
1 0.05546875 0.7140625 0.083984375 0.08310546875
1 0.10703125 0.6875 0.0828125 0.0828125
2 0.63203125 0.8125 0.059375 0.1388671875
1 0.38515625 0.665625 0.078125 0.07333984375
1 0.81640625 0.64296875 0.065234375 0.065234375