1 0.94765625 0.47890625 0.06328125 0.0630859375
1 0.79921875 0.47890625 0.0703125 0.0701171875
1 0.440625 0.12109375 0.0908203125 0.09091796875
1 0.30625 0.2375 0.06328125 0.06328125
1 0.409375 0.03984375 0.0642578125 0.06435546875
1 0.784375 0.153125 0.08359375 0.12265625
1 0.965625 0.16171875 0.06875 0.0859375
1 0.06484375 0.71640625 0.0890625 0.0900390625
1 0.11640625 0.6984375 0.0875 0.0875
2 0.63671875 0.82109375 0.102734375 0.102734375
1 0.384375 0.66953125 0.073828125 0.0740234375
1 0.82265625 0.653125 0.06953125 0.0640625