1 0.790625 0.146875 0.04921875 0.121875
1 0.98359375 0.16328125 0.03125 0.13203125
1 0.3015625 0.225 0.06875 0.05
1 0.40625 0.03203125 0.02890625 0.0640625
1 0.553125 0.409375 0.06953125 0.0609375
1 0.21875 0.41796875 0.06640625 0.053125
1 0.578125 0.48515625 0.06796875 0.0484375
2 0.3515625 0.503125 0.09765625 0.05703125
1 0.825 0.6578125 0.06171875 0.0515625
1 0.38359375 0.671875 0.0671875 0.059375
1 0.1 0.7015625 0.04375 0.1109375
1 0.046875 0.715625 0.05078125 0.109375
2 0.6375 0.815625 0.03828125 0.1375