1 0.86640625 0.54453125 0.076171875 0.076171875
1 0.43828125 0.028125 0.048828125 0.048046875
1 0.66796875 0.46953125 0.071875 0.07197265625
1 0.44609375 0.40546875 0.0875 0.0705078125
1 0.60234375 0.39609375 0.073046875 0.073046875
1 0.76171875 0.39140625 0.0765625 0.07744140625
1 0.89140625 0.38359375 0.075 0.0697265625
1 0.12109375 0.49609375 0.06953125 0.06953125
1 0.68203125 0.91796875 0.03828125 0.1087890625
1 0.30234375 0.221875 0.059375 0.059375
1 0.4015625 0.03203125 0.055078125 0.055078125
1 0.778125 0.13359375 0.0921875 0.09140625
1 0.971875 0.1515625 0.0515625 0.13115234375
1 0.0515625 0.7125 0.0703125 0.11396484375
1 0.1015625 0.6890625 0.0859375 0.0859375
2 0.6296875 0.80703125 0.095703125 0.094921875
1 0.3828125 0.6640625 0.071875 0.0716796875
1 0.81640625 0.64296875 0.065625 0.05625