1 0.79296875 0.146875 0.100390625 0.100390625
1 0.978125 0.16171875 0.04375 0.1296875
1 0.30234375 0.225 0.06640625 0.06640625
1 0.40703125 0.03203125 0.0484375 0.0484375
1 0.4703125 0.340625 0.06640625 0.1015625
1 0.02265625 0.4203125 0.0453125 0.05
1 0.8328125 0.478125 0.078125 0.07802734375
2 0.60390625 0.49609375 0.1046875 0.0705078125
1 0.8296875 0.6640625 0.06484375 0.06484375
1 0.3859375 0.678125 0.071484375 0.069921875
1 0.09921875 0.7015625 0.0828125 0.0826171875
1 0.04921875 0.7234375 0.0859375 0.12265625
2 0.64140625 0.8234375 0.075 0.132421875