1 0.94921875 0.50390625 0.08046875 0.08515625
1 0.021875 0.428125 0.04375 0.05
1 0.309375 0.42109375 0.071875 0.0708984375
1 0.6546875 0.396875 0.06015625 0.06005859375
1 0.86484375 0.384375 0.076171875 0.0759765625
1 0.75078125 0.48046875 0.08203125 0.06875
1 0.95625 0.384375 0.0875 0.07490234375
1 0.69609375 0.6265625 0.0375 0.10927734375
1 0.3015625 0.225 0.0703125 0.05234375
1 0.40390625 0.03359375 0.0390625 0.0671875
1 0.7796875 0.1390625 0.06015625 0.125
1 0.96953125 0.15546875 0.03828125 0.13369140625
1 0.0578125 0.7109375 0.08671875 0.0865234375
1 0.11015625 0.6890625 0.075 0.075
2 0.63046875 0.80546875 0.106640625 0.106640625
1 0.3828125 0.6640625 0.0765625 0.0724609375
1 0.81640625 0.64296875 0.060546875 0.060546875