1 0.778125 0.1515625 0.1005859375 0.10078125
1 0.96640625 0.165625 0.0515625 0.13134765625
1 0.30859375 0.23359375 0.06328125 0.06328125
1 0.9484375 0.39296875 0.07421875 0.0740234375
1 0.853125 0.39921875 0.08291015625 0.0703125
1 0.715625 0.434375 0.0873046875 0.08740234375
1 0.409375 0.04609375 0.0662109375 0.0662109375
1 0.26875 0.490625 0.06552734375 0.065625
1 0.8171875 0.64375 0.05693359375 0.0572265625
1 0.3859375 0.66484375 0.0681640625 0.06796875
1 0.11953125 0.69296875 0.0546875 0.103125
1 0.0703125 0.7125 0.0603515625 0.1130859375
2 0.6359375 0.79921875 0.09384765625 0.09375