0 0.9625 0.33046875 0.055859375 0.0556640625
1 0.96640625 0.41171875 0.0390625 0.0341796875
1 0.87265625 0.371875 0.039453125 0.039453125
1 0.925 0.371875 0.04375 0.04375
1 0.79921875 0.5125 0.041796875 0.0416015625
1 0.6953125 0.4765625 0.040625 0.041015625
1 0.5734375 0.46953125 0.044140625 0.04423828125
1 0.60078125 0.52109375 0.039453125 0.0396484375
1 0.4328125 0.45 0.03984375 0.0396484375
1 0.33671875 0.45546875 0.04296875 0.0431640625
1 0.28125 0.40234375 0.04404296875 0.04404296875
1 0.97890625 0.37109375 0.0390625 0.0400390625
1 0.16015625 0.42109375 0.04609375 0.0392578125
1 0.13125 0.37421875 0.0365234375 0.0369140625
1 0.55625 0.428125 0.03671875 0.03671875
1 0.5671875 0.37890625 0.039453125 0.03955078125
1 0.5609375 0.3390625 0.03203125 0.03203125
1 0.60859375 0.3390625 0.04296875 0.03515625
1 0.6140625 0.37578125 0.03876953125 0.03857421875
1 0.6125 0.42734375 0.04140625 0.028125
1 0.665625 0.421875 0.0357421875 0.036328125
1 0.6515625 0.33203125 0.044140625 0.0361328125
1 0.696875 0.3359375 0.03828125 0.0328125
1 0.7375 0.33203125 0.032421875 0.0265625
1 0.79296875 0.334375 0.04296875 0.03662109375
1 0.778125 0.378125 0.0337890625 0.03203125
1 0.76171875 0.42109375 0.040625 0.0330078125
1 0.8109375 0.41796875 0.041015625 0.0306640625
1 0.84296875 0.33046875 0.04140625 0.0359375
1 0.70859375 0.41640625 0.036328125 0.036328125
0 0.696875 0.375 0.0859375 0.0861328125
1 0.82890625 0.37109375 0.03671875 0.03759765625
1 0.85625 0.415625 0.03828125 0.03828125
1 0.89453125 0.33046875 0.0375 0.0375
1 0.91171875 0.415625 0.0359375 0.0349609375
0 0.7796875 0.95703125 0.065625 0.065625