0 0.96328125 0.33046875 0.056640625 0.0564453125
1 0.96640625 0.41171875 0.040234375 0.0400390625
1 0.87265625 0.371875 0.038671875 0.038671875
1 0.925 0.371875 0.0453125 0.03203125
1 0.9828125 0.52109375 0.033203125 0.0326171875
1 0.184375 0.29765625 0.0439453125 0.04326171875
1 0.540625 0.51484375 0.0458984375 0.0412109375
1 0.484375 0.453125 0.04462890625 0.0435546875
1 0.37265625 0.41953125 0.042578125 0.04267578125
1 0.36171875 0.46796875 0.037109375 0.03720703125
1 0.190625 0.3828125 0.0443359375 0.0376953125
1 0.13125 0.41640625 0.0431640625 0.0400390625
1 0.03203125 0.371875 0.036328125 0.036328125
1 0.97890625 0.37109375 0.03671875 0.03759765625
1 0.55625 0.428125 0.0359375 0.0359375
1 0.5671875 0.37890625 0.040625 0.0345703125
1 0.5609375 0.33984375 0.03486328125 0.034765625
1 0.609375 0.33984375 0.0408203125 0.0328125
1 0.6140625 0.37578125 0.04150390625 0.03505859375
1 0.6125 0.42734375 0.04140625 0.028125
1 0.665625 0.421875 0.03505859375 0.0353515625
1 0.6515625 0.33203125 0.0443359375 0.03759765625
1 0.696875 0.3359375 0.0375 0.03046875
1 0.7375 0.33203125 0.0314453125 0.03125
1 0.79296875 0.334375 0.040234375 0.0400390625
1 0.778125 0.378125 0.041015625 0.03203125
1 0.76171875 0.42109375 0.0375 0.03837890625
1 0.8109375 0.41796875 0.03671875 0.0380859375
1 0.84296875 0.33046875 0.0375 0.0375
1 0.70859375 0.41640625 0.033203125 0.033203125
0 0.696875 0.375 0.07890625 0.0791015625
1 0.82890625 0.371875 0.03984375 0.02978515625
1 0.85625 0.415625 0.03515625 0.03515625
1 0.89453125 0.33125 0.0375 0.0283203125
1 0.91171875 0.415625 0.04140625 0.04052734375
0 0.7796875 0.95703125 0.0734375 0.0734375