1 0.25234375 0.425 0.070703125 0.070703125
1 0.5015625 0.4890625 0.069921875 0.06953125
1 0.33515625 0.5 0.080078125 0.0798828125
1 0.91015625 0.384375 0.075 0.0740234375
1 0.06171875 0.5015625 0.069140625 0.069140625
1 0.30625 0.2359375 0.059375 0.059375
1 0.409375 0.03984375 0.06015625 0.0603515625
1 0.78203125 0.15390625 0.096875 0.0966796875
1 0.96484375 0.1609375 0.0703125 0.084375
1 0.06015625 0.715625 0.092578125 0.0923828125
1 0.1125 0.69453125 0.05546875 0.10791015625
2 0.634375 0.81640625 0.105859375 0.105859375
1 0.38515625 0.66640625 0.07265625 0.0642578125
1 0.81875 0.6515625 0.0623046875 0.0625