1 0.8296875 0.56796875 0.07890625 0.07353515625
1 0.45859375 0.29296875 0.081640625 0.081640625
1 0.9109375 0.46796875 0.07890625 0.07275390625
1 0.48984375 0.45859375 0.08046875 0.0806640625
1 0.5984375 0.4 0.08203125 0.07490234375
1 0.70859375 0.396875 0.066015625 0.066796875
1 0.8265625 0.39609375 0.0765625 0.0771484375
1 0.9734375 0.38203125 0.053125 0.05234375
1 0.30234375 0.22109375 0.0671875 0.0671875
1 0.40234375 0.03203125 0.05625 0.05625
1 0.78203125 0.140625 0.098828125 0.09970703125
1 0.975 0.153125 0.0359375 0.1349609375
1 0.05234375 0.7125 0.0578125 0.11162109375
1 0.103125 0.6890625 0.084375 0.084375
2 0.63046875 0.80859375 0.103515625 0.103515625
1 0.3828125 0.6640625 0.0734375 0.0732421875
1 0.81640625 0.64296875 0.063671875 0.063671875