1 0.978125 0.15390625 0.034375 0.13046875
1 0.42265625 0.203125 0.034375 0.128125
1 0.3015625 0.221875 0.06875 0.053125
1 0.40703125 0.03203125 0.0328125 0.0640625
1 0.4078125 0.3765625 0.0640625 0.09453125
1 0.93203125 0.3890625 0.0796875 0.0609375
1 0.73046875 0.39140625 0.06875 0.05
1 0.58203125 0.46796875 0.0671875 0.05546875
1 0.421875 0.475 0.06875 0.05859375
1 0.68671875 0.5140625 0.0390625 0.121875
1 0.81640625 0.64296875 0.0609375 0.053125
1 0.3859375 0.665625 0.0671875 0.05859375
1 0.109375 0.6875 0.04375 0.1
1 0.05625 0.715625 0.05 0.10859375
2 0.6359375 0.80390625 0.0375 0.1359375
1 0.78515625 0.134375 0.0546875 0.13046875