1 0.75078125 0.478125 0.059765625 0.060546875
1 0.48984375 0.3765625 0.079296875 0.0783203125
2 0.51796875 0.5 0.092578125 0.09248046875
1 0.30234375 0.225 0.07109375 0.07109375
1 0.40703125 0.03203125 0.05625 0.05625
1 0.7921875 0.146875 0.103125 0.103125
1 0.9671875 0.1609375 0.065625 0.0875
1 0.04765625 0.7140625 0.094140625 0.0953125
1 0.09921875 0.7 0.090625 0.0904296875
2 0.63828125 0.81640625 0.06953125 0.1390625
1 0.3828125 0.671875 0.07421875 0.07412109375
1 0.82578125 0.65703125 0.055859375 0.055859375
1 0.07890625 0.41796875 0.06953125 0.05546875