1 0.68671875 0.73046875 0.08125 0.0822265625
1 0.03046875 0.4328125 0.0609375 0.0625
1 0.35703125 0.4140625 0.069140625 0.0689453125
1 0.9421875 0.47109375 0.0689453125 0.06923828125
1 0.66015625 0.4 0.0640625 0.0630859375
1 0.03984375 0.50234375 0.0796875 0.0828125
1 0.3109375 0.2359375 0.0765625 0.06484375
1 0.4109375 0.04296875 0.046875 0.0859375
1 0.77734375 0.15859375 0.07421875 0.12421875
1 0.95703125 0.16640625 0.0859375 0.0921875
1 0.0703125 0.7125 0.0640625 0.1138671875
1 0.11953125 0.69140625 0.08359375 0.08359375
2 0.6359375 0.796875 0.09296875 0.0931640625
1 0.38671875 0.6640625 0.0671875 0.06787109375
1 0.81640625 0.64296875 0.063671875 0.063671875