1 0.6734375 0.78359375 0.09140625 0.09140625
1 0.709375 0.40546875 0.0765625 0.07490234375
1 0.52890625 0.478125 0.06875 0.06865234375
1 0.83671875 0.396875 0.06171875 0.0625
1 0.33515625 0.4859375 0.06875 0.0685546875
1 0.146875 0.4890625 0.0828125 0.082421875
1 0.43984375 0.028125 0.051171875 0.0509765625
1 0.30390625 0.22890625 0.06875 0.06875
1 0.4046875 0.034375 0.05546875 0.05625
1 0.77890625 0.146875 0.093359375 0.092578125
1 0.971875 0.1609375 0.03359375 0.1349609375
1 0.0578125 0.7140625 0.075 0.11083984375
1 0.11015625 0.6890625 0.0796875 0.0796875
2 0.6328125 0.815625 0.1046875 0.1044921875
1 0.3859375 0.665625 0.07421875 0.07412109375
1 0.8171875 0.64609375 0.0658203125 0.065625