1 0.3625 0.4921875 0.06875 0.0484375
1 0.684375 0.41328125 0.071875 0.05390625
2 0.1609375 0.50078125 0.09765625 0.05703125
1 0.30078125 0.22421875 0.06875 0.0484375
1 0.40625 0.03203125 0.02890625 0.0640625
1 0.7890625 0.14765625 0.04921875 0.12109375
1 0.98203125 0.16328125 0.0328125 0.13203125
1 0.046875 0.715625 0.05078125 0.109375
1 0.10078125 0.7 0.04375 0.1109375
2 0.63671875 0.81328125 0.0375 0.1375
1 0.3828125 0.66953125 0.06640625 0.05859375
1 0.82421875 0.65546875 0.0609375 0.05
1 0.4 0.415625 0.059375 0.04609375