1 0.709375 0.5640625 0.0546875 0.1109375
1 0.6375 0.46796875 0.065625 0.05546875
1 0.5984375 0.39296875 0.071875 0.05
1 0.42109375 0.4765625 0.06875 0.05859375
1 0.453125 0.21953125 0.040625 0.125
1 0.41953125 0.2265625 0.0296875 0.11640625
1 0.8109375 0.390625 0.078125 0.05859375
1 0.97265625 0.3875 0.0515625 0.05
1 0.30234375 0.22109375 0.06875 0.046875
1 0.40390625 0.03203125 0.0296875 0.0640625
1 0.78046875 0.14296875 0.0484375 0.11953125
1 0.97734375 0.15703125 0.028125 0.13046875
1 0.05546875 0.7140625 0.0515625 0.10546875
1 0.10703125 0.6875 0.04375 0.1
2 0.63203125 0.8109375 0.0375 0.1390625
1 0.38515625 0.665625 0.0671875 0.05859375
1 0.81640625 0.64296875 0.0609375 0.05