0 0.96328125 0.33046875 0.058203125 0.0580078125
1 0.96640625 0.4109375 0.03671875 0.03583984375
1 0.87265625 0.371875 0.035546875 0.036328125
1 0.925 0.371875 0.04296875 0.04296875
1 0.015625 0.296875 0.03125 0.028125
1 0.6625 0.521875 0.0453125 0.0404296875
1 0.58671875 0.47109375 0.040625 0.040625
1 0.47421875 0.45 0.04453125 0.0443359375
1 0.4765625 0.50390625 0.037890625 0.0380859375
1 0.3109375 0.41015625 0.03779296875 0.03779296875
1 0.23359375 0.428125 0.04453125 0.0412109375
1 0.15625 0.378125 0.040625 0.040625
1 0.97890625 0.37109375 0.034375 0.03525390625
1 0.06875 0.41640625 0.04609375 0.03203125
1 0.0171875 0.37265625 0.034375 0.0359375
1 0.55625 0.428125 0.0390625 0.0359375
1 0.5671875 0.37890625 0.040234375 0.0404296875
1 0.5609375 0.33984375 0.0357421875 0.035546875
1 0.60859375 0.3390625 0.036328125 0.037109375
1 0.6140625 0.375 0.0390625 0.0390625
1 0.6125 0.4265625 0.03671875 0.0375
1 0.66484375 0.42109375 0.035546875 0.035546875
1 0.6515625 0.33203125 0.0443359375 0.03681640625
1 0.696875 0.3359375 0.03125 0.0296875
1 0.7375 0.33203125 0.031640625 0.03125
1 0.79296875 0.334375 0.035546875 0.03466796875
1 0.778125 0.378125 0.034765625 0.0345703125
1 0.76171875 0.42109375 0.04140625 0.04150390625
1 0.8109375 0.41796875 0.040234375 0.0298828125
1 0.84296875 0.33046875 0.03828125 0.03828125
1 0.70859375 0.41640625 0.03671875 0.0296875
0 0.696875 0.375 0.07734375 0.07744140625
1 0.82890625 0.37109375 0.04140625 0.04150390625
1 0.85625 0.415625 0.04453125 0.0359375
1 0.89453125 0.33125 0.0390625 0.03056640625
1 0.91171875 0.415625 0.040625 0.0310546875
0 0.7796875 0.95703125 0.07021484375 0.0703125