1 0.78046875 0.1390625 0.0484375 0.121875
1 0.97421875 0.1515625 0.03125 0.13046875
1 0.425 0.175 0.0328125 0.11640625
1 0.303125 0.225 0.06875 0.05859375
1 0.4046875 0.03203125 0.028125 0.0640625
1 0.965625 0.3890625 0.065625 0.0609375
1 0.76875 0.390625 0.071875 0.05
1 0.35703125 0.4109375 0.0703125 0.078125
1 0.57265625 0.46796875 0.0671875 0.05546875
1 0.4109375 0.478125 0.06875 0.05859375
1 0.6828125 0.4859375 0.04375 0.11953125
1 0.81640625 0.64296875 0.0609375 0.053125
1 0.384375 0.6625 0.06875 0.05859375
1 0.109375 0.6875 0.04375 0.1
1 0.05546875 0.70703125 0.0515625 0.10859375
2 0.63359375 0.80859375 0.0390625 0.1390625