1 0.8859375 0.5390625 0.078125 0.078125
1 0.02421875 0.42578125 0.0484375 0.0546875
1 0.3421875 0.4140625 0.0796875 0.0578125
1 0.5734375 0.40546875 0.076953125 0.07626953125
1 0.8078125 0.390625 0.07421875 0.06796875
1 0.9390625 0.37890625 0.073046875 0.0724609375
1 0.4921875 0.490625 0.08515625 0.0763671875
1 0.684375 0.75546875 0.085546875 0.085546875
1 0.30234375 0.2234375 0.0671875 0.06796875
1 0.403125 0.0328125 0.0568359375 0.05703125
1 0.77890625 0.1359375 0.07265625 0.12578125
1 0.9703125 0.153125 0.05078125 0.13427734375
1 0.05546875 0.7109375 0.084765625 0.0845703125
1 0.10625 0.6890625 0.07734375 0.07734375
2 0.6296875 0.80546875 0.0609375 0.140625
1 0.3828125 0.6640625 0.07421875 0.07412109375
1 0.81640625 0.64296875 0.066015625 0.066015625