1 0.86640625 0.54453125 0.083984375 0.083984375
1 0.43828125 0.028125 0.044140625 0.043359375
1 0.66796875 0.46953125 0.071875 0.0720703125
1 0.44609375 0.40546875 0.08671875 0.06884765625
1 0.60234375 0.39609375 0.0796875 0.06171875
1 0.76171875 0.39140625 0.0671875 0.06806640625
1 0.89140625 0.38359375 0.0703125 0.0603515625
1 0.12109375 0.49609375 0.078125 0.078125
1 0.68203125 0.91796875 0.0859375 0.08603515625
1 0.30234375 0.221875 0.06171875 0.06171875
1 0.40078125 0.03203125 0.0328125 0.0640625
1 0.778125 0.13359375 0.103125 0.103125
1 0.971875 0.1515625 0.03984375 0.1318359375
1 0.0515625 0.7125 0.08515625 0.08505859375
1 0.1015625 0.6890625 0.0859375 0.0859375
2 0.6296875 0.80703125 0.101171875 0.100390625
1 0.3828125 0.6640625 0.06875 0.0685546875
1 0.81640625 0.64296875 0.06953125 0.0640625