0 0.9625 0.33046875 0.0625 0.05224609375
1 0.96640625 0.41171875 0.0421875 0.0388671875
1 0.87265625 0.371875 0.037109375 0.037890625
1 0.925 0.37265625 0.03779296875 0.03701171875
1 0.728125 0.5203125 0.0427734375 0.0431640625
1 0.640625 0.475 0.04619140625 0.0458984375
1 0.52421875 0.46328125 0.03828125 0.03828125
1 0.5375 0.5171875 0.040625 0.0408203125
1 0.371875 0.428125 0.0453125 0.04052734375
1 0.28515625 0.4390625 0.04375 0.0396484375
1 0.21875 0.3859375 0.04140625 0.04052734375
1 0.978125 0.3703125 0.04375 0.040625
1 0.115625 0.41640625 0.04296875 0.04296875
1 0.07109375 0.37109375 0.04453125 0.03671875
1 0.55625 0.428125 0.0390625 0.03515625
1 0.5671875 0.37890625 0.040234375 0.0404296875
1 0.5609375 0.3390625 0.03671875 0.03671875
1 0.60859375 0.3390625 0.036328125 0.036328125
1 0.6140625 0.37578125 0.03564453125 0.03466796875
1 0.6125 0.4265625 0.0359375 0.0375
1 0.66484375 0.42109375 0.034765625 0.034765625
1 0.6515625 0.33203125 0.0404296875 0.02978515625
1 0.696875 0.3359375 0.0330078125 0.03203125
1 0.7375 0.33203125 0.0322265625 0.03203125
1 0.79296875 0.334375 0.041796875 0.04169921875
1 0.778125 0.378125 0.038671875 0.0375
1 0.76171875 0.42109375 0.0390625 0.03916015625
1 0.8109375 0.41796875 0.03828125 0.0396484375
1 0.84296875 0.33046875 0.034375 0.034375
1 0.70859375 0.41640625 0.036328125 0.036328125
0 0.696875 0.375 0.08203125 0.08212890625
1 0.82890625 0.37109375 0.040625 0.04150390625
1 0.85625 0.415625 0.04140625 0.04140625
1 0.89453125 0.33046875 0.03984375 0.03125
1 0.91171875 0.415625 0.0375 0.03662109375
0 0.7796875 0.95703125 0.07255859375 0.08515625