1 0.78203125 0.15390625 0.06484375 0.12578125
1 0.9734375 0.1625 0.0359375 0.1318359375
1 0.30625 0.2359375 0.059375 0.059375
1 0.41328125 0.35859375 0.09921875 0.09912109375
1 0.409375 0.03984375 0.0666015625 0.06591796875
1 0.08125 0.4234375 0.07421875 0.0609375
1 0.19765625 0.4984375 0.072265625 0.072265625
1 0.0328125 0.50703125 0.062109375 0.0630859375
1 0.81953125 0.653125 0.064453125 0.064453125
1 0.38671875 0.67109375 0.075 0.07587890625
1 0.11328125 0.696875 0.08984375 0.089453125
1 0.06171875 0.71640625 0.0625 0.1119140625
2 0.6359375 0.8140625 0.103125 0.101953125