1 0.778125 0.1515625 0.04609375 0.121875
1 0.96640625 0.165625 0.028125 0.13203125
1 0.30859375 0.23359375 0.06875 0.05
1 0.9484375 0.39296875 0.0671875 0.05859375
1 0.853125 0.39921875 0.07578125 0.059375
1 0.715625 0.434375 0.0609375 0.08359375
1 0.409375 0.04609375 0.03203125 0.08359375
1 0.26875 0.490625 0.07109375 0.059375
1 0.8171875 0.64375 0.06171875 0.0515625
1 0.3859375 0.66484375 0.06015625 0.059375
1 0.11953125 0.69296875 0.04375 0.1
1 0.0703125 0.7125 0.04765625 0.10859375
2 0.6359375 0.79921875 0.03828125 0.1375