0 0.96875 0.328125 0.0546875 0.05478515625
1 0.96953125 0.4109375 0.039453125 0.04013671875
1 0.8734375 0.37109375 0.0416015625 0.04189453125
1 0.19375 0.30859375 0.04296875 0.041796875
1 0.89609375 0.49453125 0.033984375 0.03408203125
1 0.97578125 0.478125 0.04375 0.03583984375
1 0.7375 0.47890625 0.045703125 0.0337890625
1 0.57578125 0.475 0.040234375 0.040234375
1 0.9328125 0.37265625 0.03564453125 0.03623046875
1 0.475 0.4484375 0.0390625 0.0388671875
0 0.425 0.490625 0.0671875 0.0671875
1 0.2703125 0.43984375 0.03916015625 0.0390625
1 0.29453125 0.39453125 0.0421875 0.0423828125
1 0.16171875 0.41640625 0.04765625 0.0416015625
1 0.178125 0.378125 0.040234375 0.0404296875
1 0.01796875 0.37109375 0.030078125 0.030078125
1 0.0609375 0.415625 0.0466796875 0.0466796875
1 0.55546875 0.425 0.033984375 0.034765625
1 0.56640625 0.378125 0.040625 0.04052734375
1 0.559375 0.33984375 0.03203125 0.033203125
1 0.60703125 0.3375 0.0390625 0.028125
1 0.61328125 0.371875 0.041015625 0.04091796875
1 0.61171875 0.4234375 0.04375 0.0357421875
1 0.66328125 0.41953125 0.03359375 0.03359375
1 0.6515625 0.33203125 0.044921875 0.0384765625
1 0.696875 0.33359375 0.03203125 0.03125
1 0.7375 0.33046875 0.030859375 0.03046875
1 0.79296875 0.33203125 0.04140625 0.0416015625
1 0.778125 0.3765625 0.042578125 0.0373046875
1 0.759375 0.42109375 0.0421875 0.03212890625
1 0.81015625 0.41640625 0.040625 0.0408203125
1 0.8421875 0.32890625 0.0421875 0.0361328125
1 0.70859375 0.41640625 0.037109375 0.037109375
0 0.696875 0.3734375 0.0802734375 0.0806640625
1 0.82890625 0.37109375 0.0390625 0.0400390625
1 0.85625 0.415625 0.04375 0.03359375
1 0.89375 0.32890625 0.038671875 0.03798828125
1 0.91171875 0.415625 0.0421875 0.0419921875
0 0.77890625 0.95703125 0.0703125 0.0859375