1 0.25234375 0.425 0.0703125 0.053125
1 0.5015625 0.4890625 0.0671875 0.05
1 0.33515625 0.5 0.0765625 0.05546875
1 0.91015625 0.384375 0.075 0.05859375
1 0.06171875 0.5015625 0.0640625 0.053125
1 0.30625 0.2359375 0.06875 0.05
1 0.409375 0.03984375 0.0296875 0.07890625
1 0.78203125 0.15390625 0.0484375 0.11953125
1 0.97265625 0.1625 0.028125 0.13046875
1 0.06015625 0.715625 0.0515625 0.10859375
1 0.1125 0.69453125 0.04375 0.10546875
2 0.634375 0.81640625 0.0375 0.1390625
1 0.38515625 0.66640625 0.0671875 0.05859375
1 0.81875 0.6515625 0.0609375 0.05