1 0.96875 0.49296875 0.059375 0.06640625
1 0.203125 0.4234375 0.0703125 0.05546875
1 0.5890625 0.39453125 0.0625 0.05546875
1 0.8296875 0.3875 0.065625 0.05859375
1 0.81875 0.478125 0.075 0.0609375
1 0.92109375 0.3890625 0.0765625 0.05859375
1 0.70625 0.596875 0.0390625 0.10546875
1 0.30234375 0.2265625 0.06875 0.046875
1 0.4046875 0.03359375 0.028125 0.06640625
1 0.7796875 0.140625 0.05 0.11953125
1 0.96953125 0.15703125 0.028125 0.13046875
1 0.05859375 0.7109375 0.0515625 0.10546875
1 0.11015625 0.690625 0.04375 0.1
2 0.63046875 0.80546875 0.0375 0.1390625
1 0.38359375 0.6640625 0.065625 0.05859375
1 0.81640625 0.64296875 0.0609375 0.05