0 0.965625 0.32890625 0.0625 0.0537109375
1 0.96875 0.41171875 0.0384765625 0.0333984375
1 0.8734375 0.371875 0.0373046875 0.0375
1 0.925 0.37265625 0.0458984375 0.0333984375
1 0.97421875 0.50703125 0.0453125 0.03525390625
1 0.85078125 0.48125 0.031640625 0.0328125
1 0.74609375 0.5078125 0.048046875 0.048046875
1 0.61328125 0.528125 0.044140625 0.0431640625
1 0.6484375 0.48203125 0.039453125 0.03955078125
1 0.30625 0.55859375 0.03984375 0.0693359375
1 0.4578125 0.44453125 0.050390625 0.0408203125
1 0.3 0.44296875 0.046484375 0.045703125
1 0.40234375 0.29296875 0.0390625 0.0390625
1 0.63125 0.290625 0.03828125 0.0380859375
1 0.0328125 0.4125 0.03984375 0.03974609375
1 0.978125 0.3703125 0.04375 0.040625
1 0.55625 0.4265625 0.0390625 0.0359375
1 0.56640625 0.37890625 0.037890625 0.03798828125
1 0.5609375 0.33984375 0.0361328125 0.02890625
1 0.60859375 0.3390625 0.040625 0.03046875
1 0.61328125 0.375 0.035546875 0.036328125
1 0.6125 0.425 0.0390625 0.0390625
1 0.6640625 0.421875 0.0357421875 0.036328125
1 0.6515625 0.33203125 0.0390625 0.0396484375
1 0.696875 0.334375 0.0322265625 0.03203125
1 0.7375 0.33203125 0.0306640625 0.03046875
1 0.79296875 0.334375 0.04296875 0.0376953125
1 0.778125 0.378125 0.041015625 0.0337890625
1 0.7609375 0.42109375 0.0443359375 0.03916015625
1 0.81015625 0.41796875 0.04375 0.03837890625
1 0.84296875 0.33046875 0.03828125 0.0296875
1 0.70859375 0.41640625 0.034765625 0.034765625
0 0.696875 0.375 0.07724609375 0.07744140625
1 0.82890625 0.371875 0.039453125 0.04033203125
1 0.85625 0.415625 0.040625 0.040625
1 0.89375 0.32890625 0.0421875 0.0376953125
1 0.91171875 0.415625 0.04453125 0.0365234375
0 0.7796875 0.95703125 0.07724609375 0.07734375