1 0.22265625 0.4140625 0.036328125 0.037109375
1 0.2671875 0.371875 0.045703125 0.0396484375
1 0.1125 0.4 0.037109375 0.0359375
0 0.52734375 0.27890625 0.06640625 0.0515625
0 0.96640625 0.3265625 0.05625 0.05712890625
1 0.10078125 0.35859375 0.0453125 0.0376953125
1 0.01171875 0.35859375 0.0234375 0.0328125
1 0.72109375 0.4734375 0.041796875 0.04248046875
1 0.85390625 0.4734375 0.04375 0.0380859375
1 0.76328125 0.525 0.041796875 0.0416015625
1 0.90390625 0.52109375 0.04375 0.0375
1 0.60078125 0.47109375 0.0453125 0.04375
1 0.43359375 0.434375 0.03828125 0.0373046875
0 0.4671875 0.4890625 0.0587890625 0.05859375
1 0.4453125 0.5890625 0.0578125 0.0580078125
1 0.553125 0.41953125 0.03671875 0.03671875
1 0.56484375 0.371875 0.03671875 0.0365234375
1 0.5578125 0.33203125 0.036328125 0.0359375
1 0.60546875 0.33359375 0.039453125 0.039453125
1 0.6109375 0.36875 0.0408203125 0.0408203125
1 0.61015625 0.41796875 0.04609375 0.03759765625
1 0.6609375 0.415625 0.04140625 0.03515625
1 0.64921875 0.3265625 0.036328125 0.0353515625
1 0.69453125 0.328125 0.0375 0.03046875
1 0.7359375 0.328125 0.03740234375 0.0375
1 0.0171875 0.27265625 0.034375 0.0390625
1 0.79140625 0.32890625 0.04375 0.03759765625
1 0.77578125 0.371875 0.043359375 0.04326171875
1 0.7578125 0.41796875 0.042578125 0.0427734375
1 0.80625 0.415625 0.044140625 0.04375
1 0.840625 0.3265625 0.04140625 0.03662109375
1 0.70390625 0.409375 0.040234375 0.0400390625
0 0.6953125 0.36953125 0.0853515625 0.0853515625
1 0.828125 0.36796875 0.0359375 0.0349609375
1 0.853125 0.4125 0.040625 0.040625
1 0.89140625 0.328125 0.04140625 0.034375
1 0.1671875 0.2890625 0.046875 0.0466796875
1 0.3234375 0.4359375 0.04453125 0.0443359375
1 0.9078125 0.4140625 0.04140625 0.04130859375
1 0.58046875 0.534375 0.049609375 0.0498046875
0 0.77578125 0.95546875 0.06484375 0.0830078125