1 0.040625 0.3984375 0.036328125 0.0359375
1 0.04296875 0.3515625 0.04453125 0.0341796875
0 0.94765625 0.275 0.058984375 0.06015625
0 0.9765625 0.32578125 0.046875 0.0515625
1 0.4546875 0.43203125 0.045703125 0.045703125
1 0.56875 0.46796875 0.0431640625 0.04072265625
1 0.4953125 0.49140625 0.037890625 0.0380859375
1 0.6203125 0.51171875 0.0439453125 0.040625
1 0.34765625 0.39296875 0.04296875 0.0390625
1 0.89609375 0.471875 0.044140625 0.04404296875
1 0.98515625 0.525 0.0296875 0.03125
1 0.20625 0.371875 0.0359375 0.0357421875
0 0.26875 0.428125 0.0734375 0.0525390625
1 0.4125 0.6234375 0.06015625 0.06103515625
1 0.55234375 0.41796875 0.037890625 0.037890625
1 0.5640625 0.37109375 0.037109375 0.03642578125
1 0.55703125 0.33046875 0.0359375 0.028125
1 0.16484375 0.27890625 0.0359375 0.0369140625
1 0.6046875 0.33203125 0.036328125 0.0365234375
1 0.61015625 0.36796875 0.03984375 0.03994140625
1 0.609375 0.41796875 0.037109375 0.0380859375
1 0.66015625 0.4140625 0.03984375 0.03984375
1 0.64921875 0.3265625 0.037890625 0.03857421875
1 0.69375 0.3265625 0.04140625 0.0357421875
1 0.734375 0.3265625 0.03203125 0.0318359375
1 0.3828125 0.2765625 0.04765625 0.048046875
1 0.78984375 0.32890625 0.04140625 0.0416015625
1 0.77578125 0.37109375 0.0390625 0.02978515625
1 0.75703125 0.41640625 0.0421875 0.0423828125
1 0.80546875 0.4140625 0.037109375 0.03779296875
1 0.83984375 0.3265625 0.03828125 0.0318359375
1 0.70390625 0.409375 0.036328125 0.03623046875
0 0.69453125 0.36796875 0.1015625 0.05380859375
1 0.828125 0.36640625 0.041796875 0.034375
1 0.85234375 0.4125 0.04296875 0.0375
1 0.890625 0.3265625 0.04140625 0.04130859375
1 0.5453125 0.278125 0.04052734375 0.04072265625
1 0.13125 0.3984375 0.04453125 0.0396484375
1 0.91328125 0.4140625 0.04296875 0.0341796875
1 0.484375 0.5640625 0.04853515625 0.0484375
0 0.77578125 0.95625 0.082421875 0.0833984375