1 0.77890625 0.146875 0.07578125 0.125
1 0.96015625 0.16015625 0.0796875 0.0953125
1 0.303125 0.23359375 0.076953125 0.076171875
1 0.4046875 0.0359375 0.0537109375 0.05390625
1 0.8203125 0.3984375 0.0734375 0.05234375
1 0.6921875 0.42890625 0.095703125 0.09482421875
1 0.240625 0.46953125 0.076953125 0.0759765625
1 0.5515625 0.475 0.0703125 0.07021484375
1 0.3796875 0.484375 0.07578125 0.0685546875
1 0.81640625 0.65 0.066796875 0.066796875
1 0.3859375 0.67109375 0.0693359375 0.06845703125
1 0.109375 0.69140625 0.04921875 0.1095703125
1 0.05703125 0.715625 0.0734375 0.11474609375
2 0.63125 0.80859375 0.100390625 0.100390625
1 0.434375 0.09140625 0.04921875 0.12177734375
1 0.67421875 0.9359375 0.06171875 0.12578125