1 0.02421875 0.3984375 0.040625 0.0296875
1 0.0234375 0.35 0.0400390625 0.03818359375
0 0.97421875 0.27421875 0.0515625 0.0515625
0 0.97734375 0.32578125 0.0453125 0.0484375
1 0.43125 0.42421875 0.0466796875 0.04296875
1 0.5421875 0.4640625 0.042578125 0.0427734375
1 0.4703125 0.48359375 0.035546875 0.03486328125
1 0.59375 0.50859375 0.04814453125 0.048046875
1 0.325 0.3875 0.0453125 0.044921875
1 0.86015625 0.471875 0.040625 0.0365234375
1 0.95703125 0.5265625 0.03828125 0.03740234375
1 0.18515625 0.36640625 0.0359375 0.0361328125
0 0.24921875 0.421875 0.068359375 0.06845703125
1 0.41015625 0.628125 0.05859375 0.05869140625
1 0.55234375 0.41796875 0.03671875 0.02890625
1 0.5640625 0.37109375 0.038671875 0.03876953125
1 0.55625 0.33125 0.0373046875 0.0384765625
1 0.203125 0.27890625 0.0423828125 0.03837890625
1 0.6046875 0.33203125 0.033984375 0.03330078125
1 0.609375 0.36796875 0.0421875 0.03681640625
1 0.609375 0.41875 0.03916015625 0.03916015625
1 0.66015625 0.41484375 0.038671875 0.0384765625
1 0.64921875 0.3265625 0.042578125 0.0431640625
1 0.69375 0.3265625 0.03671875 0.03662109375
1 0.734375 0.325 0.0375 0.0328125
1 0.41796875 0.2765625 0.05078125 0.044921875
1 0.78984375 0.328125 0.0453125 0.04287109375
1 0.77578125 0.37109375 0.04140625 0.04150390625
1 0.7578125 0.4171875 0.0392578125 0.0390625
1 0.80546875 0.41484375 0.043359375 0.043359375
1 0.83984375 0.3265625 0.034375 0.0341796875
1 0.70390625 0.409375 0.04140625 0.0380859375
0 0.69453125 0.36796875 0.07734375 0.0763671875
1 0.828125 0.3671875 0.040234375 0.0400390625
1 0.85234375 0.4109375 0.033984375 0.034765625
1 0.890625 0.32734375 0.039453125 0.0392578125
1 0.58046875 0.2765625 0.040234375 0.04091796875
1 0.1140625 0.396875 0.046875 0.04287109375
1 0.915625 0.4125 0.04296875 0.04287109375
1 0.47890625 0.565625 0.057421875 0.057421875
0 0.775 0.95546875 0.0744140625 0.07548828125