1 0.79375 0.146875 0.0765625 0.12578125
1 0.96953125 0.1609375 0.0609375 0.084375
1 0.303125 0.228125 0.07421875 0.0740234375
1 0.453125 0.2625 0.06171875 0.12197265625
1 0.40859375 0.03203125 0.049609375 0.049609375
1 0.95703125 0.471875 0.07890625 0.0625
2 0.73046875 0.4890625 0.0875 0.08837890625
1 0.8296875 0.6609375 0.0671875 0.0671875
1 0.38515625 0.678125 0.07734375 0.073828125
1 0.09921875 0.703125 0.0921875 0.091796875
1 0.0484375 0.71953125 0.05859375 0.13046875
2 0.64140625 0.821875 0.105859375 0.1060546875