1 0.778125 0.578125 0.0671875 0.06708984375
1 0.98359375 0.45546875 0.0328125 0.0390625
1 0.515625 0.3875 0.0771484375 0.06796875
1 0.5734375 0.4734375 0.07578125 0.0748046875
1 0.41796875 0.315625 0.08515625 0.08525390625
1 0.659375 0.39296875 0.073828125 0.0740234375
1 0.77890625 0.390625 0.07734375 0.06328125
1 0.94609375 0.384375 0.0796875 0.0599609375
1 0.30234375 0.21953125 0.07109375 0.07109375
1 0.403125 0.03203125 0.052734375 0.052734375
1 0.78203125 0.14140625 0.102734375 0.102734375
1 0.96328125 0.15390625 0.0734375 0.0921875
1 0.05390625 0.7125 0.081640625 0.08232421875
1 0.1046875 0.6890625 0.0859375 0.0859375
2 0.63046875 0.809375 0.05 0.138671875
1 0.38359375 0.665625 0.06875 0.06083984375
1 0.81640625 0.64296875 0.066015625 0.066015625