1 0.88359375 0.540625 0.078515625 0.079296875
1 0.97578125 0.459375 0.046875 0.06005859375
1 0.059375 0.4234375 0.08125 0.08115234375
1 0.37734375 0.4109375 0.071484375 0.072265625
1 0.60078125 0.40390625 0.08515625 0.0720703125
1 0.81953125 0.3890625 0.0703125 0.0701171875
1 0.94765625 0.37890625 0.07734375 0.07197265625
1 0.46328125 0.49140625 0.08671875 0.07734375
1 0.68359375 0.76953125 0.0875 0.0875
1 0.30234375 0.2234375 0.07578125 0.06328125
1 0.403125 0.0328125 0.0513671875 0.0515625
1 0.77890625 0.1359375 0.0734375 0.12578125
1 0.9609375 0.1515625 0.078125 0.090625
1 0.0546875 0.7109375 0.08046875 0.08037109375
1 0.10546875 0.6890625 0.05625 0.10390625
2 0.6296875 0.80546875 0.0421875 0.13984375
1 0.3828125 0.6640625 0.075 0.07490234375
1 0.81640625 0.64296875 0.057421875 0.057421875