1 0.725 0.4265625 0.07421875 0.0888671875
1 0.85546875 0.3984375 0.08203125 0.0693359375
1 0.9515625 0.39140625 0.066796875 0.0587890625
1 0.190625 0.49296875 0.0748046875 0.07548828125
1 0.30859375 0.23359375 0.0703125 0.0703125
1 0.40859375 0.04453125 0.06328125 0.0634765625
1 0.77734375 0.153125 0.096875 0.096875
1 0.96484375 0.165625 0.034375 0.1318359375
1 0.0703125 0.7125 0.07109375 0.1130859375
1 0.11953125 0.69140625 0.046875 0.10078125
2 0.634375 0.7984375 0.07578125 0.1306640625
1 0.3859375 0.6640625 0.0703125 0.07021484375
1 0.81640625 0.64296875 0.065234375 0.065234375