1 0.765625 0.57890625 0.074609375 0.07470703125
1 0.95078125 0.45546875 0.071875 0.0626953125
1 0.528125 0.3890625 0.06796875 0.06796875
1 0.525 0.4734375 0.0796875 0.0740234375
1 0.4140625 0.290625 0.0875 0.0884765625
1 0.67265625 0.39140625 0.08203125 0.08291015625
1 0.8 0.3890625 0.0671875 0.0671875
1 0.96953125 0.38359375 0.0578125 0.0587890625
1 0.30234375 0.21796875 0.06015625 0.06015625
1 0.40234375 0.03203125 0.0359375 0.0640625
1 0.78125 0.14140625 0.08984375 0.0890625
1 0.96328125 0.15390625 0.0734375 0.0921875
1 0.05390625 0.7125 0.06328125 0.11318359375
1 0.10546875 0.6890625 0.0859375 0.0859375
2 0.63125 0.809375 0.1046875 0.104296875
1 0.38359375 0.665625 0.078125 0.07412109375
1 0.81640625 0.64296875 0.060546875 0.060546875