1 0.68671875 0.6875 0.04140625 0.11083984375
1 0.21796875 0.421875 0.07890625 0.078515625
1 0.5109375 0.40703125 0.075390625 0.0697265625
1 0.7984375 0.475 0.078515625 0.078515625
1 0.76640625 0.396875 0.060546875 0.0595703125
1 0.31015625 0.234375 0.0671875 0.0671875
1 0.41171875 0.04453125 0.065625 0.06572265625
1 0.77734375 0.15703125 0.0609375 0.12412109375
1 0.96484375 0.165625 0.053125 0.1310546875
1 0.0703125 0.7125 0.0890625 0.0888671875
1 0.11953125 0.69140625 0.07421875 0.07421875
2 0.6359375 0.796875 0.065625 0.138671875
1 0.38671875 0.6640625 0.066796875 0.06748046875
1 0.81640625 0.64296875 0.06875 0.0609375