1 0.88359375 0.540625 0.078515625 0.079296875
1 0.9734375 0.45859375 0.053125 0.0671875
1 0.059375 0.4234375 0.08203125 0.0818359375
1 0.37734375 0.4109375 0.073828125 0.073828125
1 0.60078125 0.40390625 0.0671875 0.0681640625
1 0.81953125 0.3890625 0.07578125 0.07021484375
1 0.94765625 0.37890625 0.0625 0.0634765625
1 0.46328125 0.49140625 0.08203125 0.08203125
1 0.68359375 0.76953125 0.08828125 0.08828125
1 0.30234375 0.2234375 0.06171875 0.0625
1 0.403125 0.0328125 0.0544921875 0.0546875
1 0.77890625 0.1359375 0.095703125 0.094921875
1 0.9609375 0.1515625 0.078125 0.090625
1 0.0546875 0.7109375 0.090625 0.09052734375
1 0.10546875 0.6890625 0.0859375 0.0859375
2 0.6296875 0.80546875 0.089453125 0.090234375
1 0.3828125 0.6640625 0.06796875 0.0677734375
1 0.81640625 0.64296875 0.062109375 0.062109375