1 0.7796875 0.140625 0.1015625 0.10234375
1 0.9609375 0.15390625 0.078125 0.0890625
1 0.30234375 0.2265625 0.07109375 0.07109375
1 0.4046875 0.03359375 0.040625 0.0671875
1 0.85703125 0.3859375 0.0765625 0.07099609375
1 0.9453125 0.3859375 0.0796875 0.080078125
1 0.63125 0.4 0.07578125 0.06943359375
1 0.27734375 0.421875 0.075 0.06318359375
1 0.77890625 0.48046875 0.08671875 0.0765625
1 0.95703125 0.5015625 0.08359375 0.08359375
1 0.69921875 0.61640625 0.04140625 0.10947265625
1 0.81640625 0.64296875 0.058984375 0.058984375
1 0.38359375 0.6640625 0.065625 0.059765625
1 0.11015625 0.690625 0.0796875 0.0796875
1 0.0578125 0.7109375 0.08984375 0.08974609375
2 0.634375 0.803125 0.0453125 0.1392578125