1 0.78125 0.15390625 0.05 0.121875
1 0.975 0.1640625 0.028125 0.13359375
1 0.30625 0.240625 0.06875 0.05859375
1 0.8546875 0.3875 0.075 0.05859375
1 0.41015625 0.04140625 0.0328125 0.0828125
1 0.17734375 0.42890625 0.0640625 0.053125
1 0.59453125 0.4875 0.0703125 0.05
1 0.41328125 0.49453125 0.0703125 0.0609375
1 0.13359375 0.4984375 0.0640625 0.053125
1 0.81875 0.6515625 0.0625 0.053125
1 0.38828125 0.67109375 0.0671875 0.05859375
1 0.11171875 0.7015625 0.0453125 0.10859375
1 0.065625 0.72109375 0.0484375 0.1140625
2 0.6375 0.8140625 0.0375 0.1390625