1 0.6 0.525 0.04609375 0.04130859375
1 0.74375 0.471875 0.0451171875 0.04521484375
1 0.50390625 0.4984375 0.038671875 0.03857421875
0 0.9671875 0.328125 0.05546875 0.05634765625
1 0.54140625 0.4703125 0.03984375 0.03984375
1 0.44609375 0.43828125 0.0390625 0.0365234375
1 0.30390625 0.4390625 0.035546875 0.036328125
1 0.22265625 0.38359375 0.049609375 0.049609375
1 0.97734375 0.41015625 0.04453125 0.0404296875
1 0.90078125 0.36953125 0.04296875 0.0359375
1 0.76953125 0.28359375 0.0375 0.03837890625
1 0.0640625 0.36640625 0.0359375 0.0359375
1 0.96171875 0.4765625 0.0375 0.03662109375
0 0.8890625 0.50390625 0.060546875 0.060546875
1 0.55390625 0.421875 0.0375 0.034375
1 0.565625 0.375 0.040625 0.04052734375
1 0.55859375 0.334375 0.030078125 0.030859375
1 0.60625 0.334375 0.040625 0.04052734375
1 0.61171875 0.36953125 0.04296875 0.04306640625
1 0.6109375 0.42109375 0.041796875 0.04189453125
1 0.66171875 0.4171875 0.03828125 0.0380859375
1 0.65 0.328125 0.0361328125 0.03583984375
1 0.69609375 0.32890625 0.031640625 0.031640625
1 0.73671875 0.32890625 0.033984375 0.033984375
1 0.7921875 0.33125 0.0357421875 0.03759765625
1 0.7765625 0.3734375 0.044140625 0.0365234375
1 0.7578125 0.41953125 0.0462890625 0.0416015625
1 0.8078125 0.415625 0.0443359375 0.0443359375
1 0.8421875 0.328125 0.04296875 0.0388671875
1 0.7046875 0.4109375 0.034765625 0.034375
0 0.6953125 0.371875 0.0828125 0.08291015625
1 0.82890625 0.36953125 0.033203125 0.033203125
1 0.8546875 0.4140625 0.0396484375 0.03984375
1 0.89296875 0.328125 0.04140625 0.03515625
1 0.6875 0.52109375 0.033984375 0.03486328125
1 0.909375 0.415625 0.03828125 0.03662109375
0 0.77734375 0.95546875 0.0828125 0.0830078125