1 0.19765625 0.4265625 0.066796875 0.067578125
1 0.5640625 0.4875 0.06875 0.05
1 0.3875 0.496875 0.073828125 0.0740234375
1 0.87109375 0.3875 0.06796875 0.0669921875
1 0.109375 0.5 0.062890625 0.06171875
1 0.30625 0.234375 0.06796875 0.06796875
1 0.40859375 0.03984375 0.06484375 0.06474609375
1 0.78125 0.15390625 0.090234375 0.0908203125
1 0.9625 0.1609375 0.075 0.090625
1 0.06015625 0.715625 0.0671875 0.11396484375
1 0.11171875 0.69296875 0.073828125 0.0740234375
2 0.634375 0.81640625 0.0453125 0.140625
1 0.38515625 0.66640625 0.06796875 0.0689453125
1 0.81875 0.6515625 0.066015625 0.06640625