1 0.9640625 0.153125 0.071875 0.090625
1 0.421875 0.19609375 0.06640625 0.1234375
1 0.30234375 0.22109375 0.079296875 0.079296875
1 0.40625 0.03203125 0.054296875 0.054296875
1 0.9453125 0.3890625 0.07890625 0.079296875
1 0.74375 0.390625 0.06640625 0.06640625
1 0.39609375 0.390625 0.0875 0.087109375
1 0.578125 0.46796875 0.068359375 0.0693359375
1 0.41875 0.4765625 0.0640625 0.06396484375
1 0.684375 0.50703125 0.0919921875 0.09296875
1 0.81640625 0.64453125 0.06953125 0.06962890625
1 0.384375 0.6609375 0.075390625 0.076953125
1 0.10625 0.6890625 0.09375 0.09365234375
1 0.0546875 0.70859375 0.078515625 0.07939453125
2 0.634375 0.80390625 0.094140625 0.093359375
1 0.78203125 0.1375 0.098828125 0.098828125