1 0.78046875 0.1390625 0.099609375 0.099609375
1 0.96484375 0.15078125 0.0703125 0.0828125
1 0.425 0.175 0.0869140625 0.08681640625
1 0.303125 0.225 0.075 0.0748046875
1 0.40390625 0.03203125 0.0453125 0.0640625
1 0.96328125 0.38828125 0.0734375 0.0734375
1 0.76875 0.390625 0.07890625 0.0640625
1 0.35703125 0.4109375 0.087109375 0.087109375
1 0.57265625 0.46796875 0.06796875 0.05634765625
1 0.4109375 0.478125 0.0765625 0.0763671875
1 0.6828125 0.4859375 0.0953125 0.0955078125
1 0.81640625 0.64296875 0.0671875 0.0609375
1 0.384375 0.6625 0.07578125 0.0755859375
1 0.109375 0.6875 0.04921875 0.1015625
1 0.05546875 0.70703125 0.09609375 0.0962890625
2 0.63359375 0.80859375 0.0390625 0.1390625