1 0.94765625 0.5265625 0.041015625 0.0408203125
0 0.96796875 0.328125 0.05859375 0.0587890625
1 0.9390625 0.4734375 0.0359375 0.03583984375
1 0.840625 0.4765625 0.0412109375 0.04130859375
1 0.58984375 0.47421875 0.04140625 0.04140625
1 0.97109375 0.409375 0.035546875 0.03466796875
1 0.87421875 0.37109375 0.040625 0.0416015625
1 0.1796875 0.2921875 0.0447265625 0.0369140625
1 0.66484375 0.2875 0.041015625 0.03984375
1 0.96796875 0.27890625 0.05 0.04296875
1 0.3765625 0.465625 0.0396484375 0.0396484375
1 0.41015625 0.42265625 0.04609375 0.0421875
1 0.22578125 0.3859375 0.043359375 0.04326171875
1 0.27890625 0.44140625 0.039453125 0.039453125
1 0.0984375 0.37109375 0.0376953125 0.0388671875
1 0.5546875 0.421875 0.0375 0.0328125
1 0.56640625 0.3765625 0.03984375 0.03427734375
1 0.55859375 0.3375 0.032421875 0.032421875
1 0.60703125 0.3359375 0.035546875 0.036328125
1 0.6125 0.37109375 0.0421875 0.0376953125
1 0.61171875 0.421875 0.04453125 0.0443359375
1 0.66328125 0.41796875 0.03203125 0.03203125
1 0.65078125 0.33046875 0.04375 0.03759765625
1 0.69609375 0.33203125 0.0375 0.02734375
1 0.73671875 0.32890625 0.03671875 0.03203125
1 0.7921875 0.3328125 0.0443359375 0.03681640625
1 0.778125 0.3765625 0.0392578125 0.03896484375
1 0.75859375 0.42109375 0.04296875 0.03056640625
1 0.809375 0.4171875 0.0431640625 0.04296875
1 0.8421875 0.328125 0.0375 0.0373046875
1 0.70703125 0.4140625 0.036328125 0.035546875
0 0.696875 0.3734375 0.10234375 0.05009765625
1 0.82890625 0.36953125 0.038671875 0.038671875
1 0.85625 0.415625 0.04130859375 0.04140625
1 0.89296875 0.328125 0.040625 0.03359375
1 0.9109375 0.415625 0.040625 0.03115234375
0 0.77734375 0.95703125 0.080078125 0.0802734375