1 0.7796875 0.140625 0.05703125 0.12421875
1 0.9625 0.15390625 0.075 0.0859375
1 0.30234375 0.2265625 0.065625 0.065625
1 0.4046875 0.03359375 0.046875 0.0671875
1 0.85703125 0.3859375 0.073828125 0.07294921875
1 0.9453125 0.3859375 0.07890625 0.079296875
1 0.63125 0.4 0.06328125 0.06162109375
1 0.27734375 0.421875 0.075390625 0.0751953125
1 0.77890625 0.48046875 0.07578125 0.07578125
1 0.95703125 0.5015625 0.07421875 0.07421875
1 0.69921875 0.61640625 0.07890625 0.0798828125
1 0.81640625 0.64296875 0.062890625 0.062890625
1 0.38359375 0.6640625 0.075 0.0751953125
1 0.11015625 0.690625 0.0640625 0.10390625
1 0.0578125 0.7109375 0.08984375 0.08974609375
2 0.634375 0.803125 0.09609375 0.0962890625