1 0.6734375 0.78359375 0.0875 0.08828125
1 0.709375 0.40546875 0.07890625 0.0771484375
1 0.52890625 0.478125 0.06640625 0.0654296875
1 0.83671875 0.396875 0.06796875 0.06875
1 0.33515625 0.4859375 0.078125 0.0716796875
1 0.146875 0.4890625 0.08203125 0.0818359375
1 0.43984375 0.028125 0.050390625 0.05029296875
1 0.30390625 0.22890625 0.071875 0.05234375
1 0.40390625 0.034375 0.0359375 0.06875
1 0.77890625 0.146875 0.0484375 0.121875
1 0.96171875 0.159375 0.0765625 0.090625
1 0.0578125 0.7140625 0.0765625 0.11005859375
1 0.11015625 0.6890625 0.08515625 0.08515625
2 0.6328125 0.815625 0.10078125 0.100390625
1 0.3859375 0.665625 0.075 0.07021484375
1 0.8171875 0.64609375 0.0572265625 0.05703125