1 0.86875 0.54609375 0.06875 0.071875
1 0.7296875 0.465625 0.065625 0.05859375
1 0.3765625 0.409375 0.078125 0.05859375
1 0.559375 0.396875 0.075 0.05
1 0.7375 0.39296875 0.0765625 0.05546875
1 0.8765625 0.38359375 0.065625 0.05546875
1 0.98125 0.371875 0.034375 0.05546875
1 0.19921875 0.49609375 0.0765625 0.0609375
1 0.6828125 0.8859375 0.034375 0.1109375
1 0.30234375 0.221875 0.06875 0.05
1 0.4015625 0.03203125 0.028125 0.0640625
1 0.778125 0.13359375 0.05 0.121875
1 0.97109375 0.1515625 0.028125 0.13046875
1 0.05234375 0.7125 0.0515625 0.10859375
1 0.103125 0.6890625 0.04375 0.1
2 0.6296875 0.80703125 0.0375 0.1359375
1 0.3828125 0.6640625 0.065625 0.05859375
1 0.81640625 0.64296875 0.0609375 0.05