1 0.28359375 0.4890625 0.0703125 0.05
1 0.7484375 0.40859375 0.071875 0.05546875
2 0.084375 0.4984375 0.096875 0.05859375
1 0.30078125 0.2234375 0.06875 0.046875
1 0.40546875 0.03203125 0.0296875 0.0640625
1 0.78671875 0.146875 0.0484375 0.121875
1 0.98203125 0.1609375 0.0328125 0.13359375
1 0.04765625 0.715625 0.0515625 0.10859375
1 0.10078125 0.6984375 0.04375 0.10859375
2 0.6359375 0.8125 0.0375 0.1359375
1 0.3828125 0.66953125 0.065625 0.05859375
1 0.8234375 0.65546875 0.0609375 0.05
1 0.47265625 0.41796875 0.0609375 0.046875