1 0.8203125 0.571875 0.06875 0.05859375
1 0.46953125 0.33046875 0.046875 0.1
1 0.83125 0.46796875 0.071875 0.05859375
1 0.45859375 0.42890625 0.05625 0.096875
1 0.6140625 0.4 0.078125 0.05859375
1 0.7234375 0.39609375 0.075 0.05
1 0.84375 0.39453125 0.0765625 0.05546875
1 0.9890625 0.38203125 0.01875 0.053125
1 0.30234375 0.22109375 0.06875 0.046875
1 0.40234375 0.03203125 0.0296875 0.0640625
1 0.7828125 0.140625 0.05 0.11953125
1 0.97578125 0.15390625 0.028125 0.13046875
1 0.053125 0.7125 0.05 0.10859375
1 0.10390625 0.6890625 0.04375 0.1
2 0.63046875 0.80859375 0.0375 0.1390625
1 0.38359375 0.6640625 0.0671875 0.05859375
1 0.81640625 0.64296875 0.0609375 0.05