1 0.9609375 0.4953125 0.078125 0.08125
1 0.23984375 0.421875 0.069921875 0.0689453125
1 0.61015625 0.396875 0.06953125 0.0623046875
1 0.84375 0.3859375 0.071875 0.07099609375
1 0.79921875 0.47890625 0.0765625 0.0609375
1 0.9328125 0.3875 0.084375 0.06787109375
1 0.70234375 0.60703125 0.087890625 0.0880859375
1 0.3015625 0.2265625 0.0609375 0.0609375
1 0.40390625 0.03359375 0.0390625 0.0671875
1 0.7796875 0.140625 0.05859375 0.12197265625
1 0.96171875 0.15546875 0.0765625 0.0859375
1 0.05859375 0.7109375 0.084765625 0.08388671875
1 0.11015625 0.690625 0.06875 0.103125
2 0.63046875 0.80546875 0.106640625 0.106640625
1 0.38359375 0.6640625 0.0671875 0.06083984375
1 0.81640625 0.64296875 0.065234375 0.065234375