1 0.96328125 0.15234375 0.0734375 0.0921875
1 0.421875 0.19609375 0.09609375 0.09609375
1 0.30234375 0.22109375 0.075390625 0.075390625
1 0.40625 0.03203125 0.050390625 0.051171875
1 0.9453125 0.3890625 0.08515625 0.069921875
1 0.74375 0.390625 0.0765625 0.065625
1 0.39609375 0.390625 0.08515625 0.084765625
1 0.578125 0.46796875 0.075 0.06806640625
1 0.41875 0.4765625 0.07734375 0.07021484375
1 0.684375 0.50703125 0.081640625 0.0828125
1 0.81640625 0.64453125 0.06796875 0.06259765625
1 0.384375 0.6609375 0.0779296875 0.0712890625
1 0.10625 0.6890625 0.09296875 0.09287109375
1 0.0546875 0.70859375 0.091015625 0.09189453125
2 0.634375 0.80390625 0.094921875 0.094140625
1 0.78203125 0.1375 0.101171875 0.101171875