0 0.96328125 0.33046875 0.0609375 0.0490234375
1 0.96640625 0.4109375 0.0390625 0.0380859375
1 0.87265625 0.371875 0.04296875 0.03515625
1 0.925 0.371875 0.04765625 0.03828125
1 0.94921875 0.521875 0.0484375 0.0404296875
1 0.2265625 0.29609375 0.03828125 0.0388671875
1 0.5125 0.50546875 0.044140625 0.04345703125
1 0.459375 0.44453125 0.045703125 0.045703125
1 0.3453125 0.4125 0.0453125 0.044140625
1 0.33359375 0.459375 0.0390625 0.03916015625
1 0.159375 0.37890625 0.041796875 0.0419921875
1 0.10625 0.41640625 0.043359375 0.0435546875
1 0.97890625 0.37109375 0.034375 0.03525390625
1 0.55625 0.428125 0.034375 0.034375
1 0.5671875 0.37890625 0.037890625 0.03720703125
1 0.5609375 0.33984375 0.0365234375 0.036328125
1 0.60859375 0.3390625 0.037109375 0.037890625
1 0.6140625 0.375 0.0390625 0.0390625
1 0.6125 0.4265625 0.03828125 0.03828125
1 0.66484375 0.42109375 0.033203125 0.033203125
1 0.6515625 0.33203125 0.04140625 0.0419921875
1 0.696875 0.3359375 0.03515625 0.03515625
1 0.7375 0.33203125 0.0314453125 0.03125
1 0.79296875 0.334375 0.04375 0.0388671875
1 0.778125 0.378125 0.037109375 0.0359375
1 0.76171875 0.42109375 0.0390625 0.03916015625
1 0.8109375 0.41796875 0.0404296875 0.02978515625
1 0.84296875 0.33046875 0.04140625 0.034375
1 0.70859375 0.41640625 0.036328125 0.036328125
0 0.696875 0.375 0.0859375 0.0861328125
1 0.82890625 0.37109375 0.0359375 0.03681640625
1 0.85625 0.415625 0.04443359375 0.03828125
1 0.89453125 0.33125 0.0390625 0.03994140625
1 0.91171875 0.415625 0.0453125 0.0396484375
0 0.7796875 0.95703125 0.06318359375 0.08359375