0 0.96328125 0.33046875 0.058203125 0.0580078125
1 0.96640625 0.4109375 0.040625 0.04052734375
1 0.87265625 0.371875 0.038671875 0.038671875
1 0.925 0.371875 0.04375 0.04375
1 0.94921875 0.521875 0.03984375 0.0396484375
1 0.2265625 0.29609375 0.0357421875 0.03642578125
1 0.5125 0.50546875 0.039453125 0.0388671875
1 0.459375 0.44453125 0.0421875 0.0375
1 0.3453125 0.4125 0.040625 0.039453125
1 0.33359375 0.459375 0.040625 0.04072265625
1 0.159375 0.37890625 0.0453125 0.0384765625
1 0.10625 0.41640625 0.044140625 0.04423828125
1 0.97890625 0.37109375 0.03984375 0.03994140625
1 0.55625 0.428125 0.03671875 0.03671875
1 0.5671875 0.37890625 0.036328125 0.0357421875
1 0.5609375 0.33984375 0.0357421875 0.034765625
1 0.60859375 0.3390625 0.039453125 0.039453125
1 0.6140625 0.375 0.0390625 0.0390625
1 0.6125 0.4265625 0.0390625 0.0390625
1 0.66484375 0.42109375 0.035546875 0.035546875
1 0.6515625 0.33203125 0.0376953125 0.03876953125
1 0.696875 0.3359375 0.034375 0.03359375
1 0.7375 0.33203125 0.0330078125 0.0328125
1 0.79296875 0.334375 0.04375 0.0380859375
1 0.778125 0.378125 0.036328125 0.034375
1 0.76171875 0.42109375 0.04375 0.0392578125
1 0.8109375 0.41796875 0.03984375 0.0412109375
1 0.84296875 0.33046875 0.04140625 0.034375
1 0.70859375 0.41640625 0.038671875 0.038671875
0 0.696875 0.375 0.0796875 0.07978515625
1 0.82890625 0.37109375 0.0390625 0.0400390625
1 0.85625 0.415625 0.03427734375 0.034375
1 0.89453125 0.33125 0.0390625 0.0392578125
1 0.91171875 0.415625 0.0453125 0.04052734375
0 0.7796875 0.95703125 0.0779296875 0.078125