1 0.74453125 0.4125 0.0640625 0.06953125
1 0.86328125 0.3984375 0.075 0.05859375
1 0.98203125 0.475 0.0328125 0.05546875
1 0.95859375 0.39296875 0.0671875 0.05859375
1 0.0328125 0.50390625 0.06484375 0.0609375
1 0.30859375 0.2359375 0.06875 0.05
1 0.40859375 0.04453125 0.0328125 0.08359375
1 0.77578125 0.15703125 0.0484375 0.11953125
1 0.9625 0.165625 0.028125 0.13046875
1 0.0703125 0.7125 0.046875 0.10859375
1 0.11953125 0.69140625 0.04375 0.1
2 0.634375 0.7984375 0.0375 0.1359375
1 0.3859375 0.6640625 0.059375 0.05859375
1 0.81640625 0.64296875 0.0609375 0.05