1 0.534375 0.4859375 0.0662109375 0.06640625
1 0.571875 0.40859375 0.0734375 0.0732421875
2 0.309375 0.50390625 0.086328125 0.0857421875
1 0.3015625 0.2234375 0.06640625 0.06640625
1 0.40546875 0.03203125 0.0453125 0.0640625
1 0.78984375 0.146875 0.097265625 0.096484375
1 0.97265625 0.16171875 0.0546875 0.1234375
1 0.046875 0.715625 0.09296875 0.0919921875
1 0.1 0.7 0.04375 0.1123046875
2 0.6375 0.8140625 0.09453125 0.0943359375
1 0.3828125 0.67109375 0.075 0.0697265625
1 0.825 0.65546875 0.0591796875 0.059375
1 0.25546875 0.4140625 0.0703125 0.0564453125