1 0.67109375 0.6640625 0.1 0.1
1 0.725 0.39453125 0.070703125 0.07158203125
1 0.4875 0.47890625 0.068359375 0.0693359375
1 0.853125 0.39609375 0.07734375 0.05859375
1 0.27109375 0.4875 0.07265625 0.07177734375
1 0.04921875 0.49296875 0.0765625 0.0765625
1 0.30390625 0.23046875 0.06953125 0.0515625
1 0.4046875 0.0359375 0.059375 0.059375
1 0.7796875 0.1484375 0.09921875 0.09931640625
1 0.9625 0.1609375 0.075 0.0875
1 0.0578125 0.7140625 0.07734375 0.10927734375
1 0.11015625 0.6890625 0.0625 0.10390625
2 0.6328125 0.815625 0.10390625 0.1037109375
1 0.3859375 0.665625 0.0671875 0.0669921875
1 0.8171875 0.646875 0.0603515625 0.05078125