0 0.965625 0.32890625 0.0609375 0.0482421875
1 0.96796875 0.4109375 0.041796875 0.0423828125
1 0.87265625 0.371875 0.039453125 0.039453125
1 0.925 0.371875 0.04453125 0.03046875
1 0.9484375 0.47890625 0.035546875 0.03564453125
1 0.84140625 0.490625 0.044140625 0.0431640625
1 0.7078125 0.5359375 0.04677734375 0.04287109375
1 0.73125 0.48203125 0.04765625 0.03994140625
1 0.3125 0.65078125 0.05146484375 0.05234375
1 0.54375 0.46953125 0.045703125 0.0458984375
1 0.37578125 0.47265625 0.0515625 0.0509765625
1 0.278125 0.29609375 0.041796875 0.042578125
1 0.5 0.29140625 0.043359375 0.0435546875
1 0.89375 0.27890625 0.0546875 0.05224609375
1 0.10390625 0.415625 0.041015625 0.0416015625
1 0.053125 0.37109375 0.044921875 0.045703125
1 0.97890625 0.37109375 0.03515625 0.0361328125
1 0.55625 0.428125 0.0359375 0.03046875
1 0.56640625 0.37890625 0.036328125 0.03642578125
1 0.5609375 0.3390625 0.03125 0.03125
1 0.60859375 0.3390625 0.04296875 0.03671875
1 0.61328125 0.375 0.04296875 0.03515625
1 0.6125 0.425 0.04375 0.03359375
1 0.66484375 0.42109375 0.033984375 0.033984375
1 0.6515625 0.33203125 0.044140625 0.0369140625
1 0.696875 0.334375 0.0375 0.0296875
1 0.7375 0.33203125 0.0306640625 0.03046875
1 0.79296875 0.33359375 0.04296875 0.03759765625
1 0.778125 0.378125 0.037109375 0.0369140625
1 0.7609375 0.42109375 0.03984375 0.0412109375
1 0.8109375 0.41796875 0.0427734375 0.03369140625
1 0.84296875 0.33046875 0.04140625 0.03515625
1 0.70859375 0.41640625 0.038671875 0.038671875
0 0.696875 0.375 0.0794921875 0.0798828125
1 0.82890625 0.371875 0.0421875 0.03369140625
1 0.85625 0.415625 0.040625 0.02890625
1 0.89453125 0.32890625 0.040625 0.03369140625
1 0.91171875 0.415625 0.04453125 0.03740234375
0 0.7796875 0.95703125 0.05703125 0.08046875