1 0.8296875 0.56796875 0.068359375 0.0685546875
1 0.45859375 0.29296875 0.084765625 0.084765625
1 0.9109375 0.46796875 0.076171875 0.07626953125
1 0.48984375 0.45859375 0.08359375 0.08369140625
1 0.5984375 0.4 0.0734375 0.07333984375
1 0.70859375 0.396875 0.078125 0.05859375
1 0.8265625 0.39609375 0.082421875 0.0619140625
1 0.97109375 0.38125 0.0578125 0.0625
1 0.30234375 0.22109375 0.06484375 0.06484375
1 0.40234375 0.03203125 0.05234375 0.05234375
1 0.78203125 0.140625 0.078125 0.1212890625
1 0.96484375 0.1515625 0.0703125 0.0875
1 0.05234375 0.7125 0.0765625 0.11396484375
1 0.103125 0.6890625 0.084375 0.084375
2 0.63046875 0.80859375 0.099609375 0.099609375
1 0.3828125 0.6640625 0.075 0.07490234375
1 0.81640625 0.64296875 0.06484375 0.05546875