1 0.9640625 0.153125 0.071875 0.090625
1 0.42265625 0.203125 0.096875 0.096875
1 0.3015625 0.221875 0.06640625 0.06796875
1 0.40703125 0.03203125 0.0578125 0.0578125
1 0.4078125 0.3765625 0.0951171875 0.09541015625
1 0.93203125 0.3890625 0.083984375 0.084375
1 0.73046875 0.39140625 0.06171875 0.06171875
1 0.58203125 0.46796875 0.0609375 0.06103515625
1 0.421875 0.475 0.07578125 0.07568359375
1 0.68671875 0.5140625 0.0609375 0.12421875
1 0.81640625 0.64296875 0.06484375 0.0578125
1 0.3859375 0.665625 0.0751953125 0.07490234375
1 0.109375 0.6875 0.084375 0.084375
1 0.05625 0.715625 0.0953125 0.0951171875
2 0.6359375 0.80390625 0.088671875 0.087890625
1 0.78515625 0.134375 0.0578125 0.13193359375