1 0.22265625 0.4140625 0.0390625 0.028125
1 0.2671875 0.371875 0.0421875 0.03046875
1 0.1125 0.4 0.0390625 0.028125
0 0.52734375 0.27890625 0.0625 0.0359375
0 0.96640625 0.3265625 0.05625 0.04140625
1 0.10078125 0.35859375 0.040625 0.03046875
1 0.01171875 0.359375 0.0234375 0.03046875
1 0.72109375 0.4734375 0.0390625 0.03359375
1 0.85390625 0.4734375 0.0390625 0.03046875
1 0.76328125 0.525 0.0359375 0.03359375
1 0.90390625 0.52109375 0.0421875 0.0359375
1 0.60078125 0.47109375 0.0390625 0.0359375
1 0.43359375 0.434375 0.0328125 0.03046875
0 0.4671875 0.4890625 0.0671875 0.05
1 0.4453125 0.5890625 0.0375 0.0609375
1 0.553125 0.41953125 0.034375 0.028125
1 0.56484375 0.371875 0.0375 0.03046875
1 0.5578125 0.33203125 0.0359375 0.028125
1 0.60546875 0.33359375 0.0390625 0.028125
1 0.6109375 0.36875 0.03828125 0.03203125
1 0.61015625 0.41796875 0.0421875 0.03046875
1 0.6609375 0.415625 0.0375 0.028125
1 0.64921875 0.3265625 0.0390625 0.03046875
1 0.69453125 0.328125 0.0359375 0.028125
1 0.7359375 0.328125 0.03359375 0.028125
1 0.01640625 0.2734375 0.0328125 0.0359375
1 0.79140625 0.32890625 0.0390625 0.03046875
1 0.77578125 0.371875 0.0390625 0.03359375
1 0.7578125 0.41796875 0.040625 0.03359375
1 0.80625 0.415625 0.0390625 0.034375
1 0.840625 0.3265625 0.0375 0.03046875
1 0.70390625 0.409375 0.0359375 0.03046875
0 0.6953125 0.36953125 0.09921875 0.04453125
1 0.828125 0.36796875 0.0390625 0.03046875
1 0.853125 0.4125 0.040625 0.028125
1 0.89140625 0.328125 0.0375 0.028125
1 0.1671875 0.2890625 0.04375 0.03359375
1 0.3234375 0.4359375 0.040625 0.03359375
1 0.9078125 0.4140625 0.040625 0.03046875
1 0.58046875 0.534375 0.0421875 0.04140625
0 0.77578125 0.95546875 0.0609375 0.08046875