1 0.740625 0.58359375 0.08125 0.08125
1 0.82734375 0.45859375 0.07421875 0.0666015625
1 0.55390625 0.39296875 0.0765625 0.0609375
1 0.45390625 0.4734375 0.078125 0.0708984375
1 0.4484375 0.03359375 0.057421875 0.05654296875
1 0.41640625 0.2515625 0.0484375 0.1173828125
1 0.70625 0.390625 0.08359375 0.06708984375
1 0.859375 0.3859375 0.08203125 0.0640625
1 0.30234375 0.21796875 0.075 0.059375
1 0.403125 0.03203125 0.051171875 0.051171875
1 0.78125 0.14140625 0.1015625 0.1015625
1 0.9640625 0.15390625 0.071875 0.0921875
1 0.0546875 0.7125 0.08515625 0.0849609375
1 0.10625 0.6890625 0.078125 0.078125
2 0.63125 0.8109375 0.10546875 0.105078125
1 0.384375 0.665625 0.0671875 0.0607421875
1 0.81640625 0.64296875 0.059765625 0.059765625