0 0.965625 0.32890625 0.054296875 0.05341796875
1 0.96796875 0.4109375 0.041796875 0.04169921875
1 0.8734375 0.371875 0.041015625 0.02890625
1 0.925 0.37265625 0.0474609375 0.0404296875
1 0.97421875 0.50703125 0.04296875 0.04306640625
1 0.85078125 0.48125 0.029296875 0.0287109375
1 0.74609375 0.5078125 0.05 0.04140625
1 0.61328125 0.528125 0.045703125 0.0455078125
1 0.6484375 0.48203125 0.044140625 0.0435546875
1 0.30625 0.55859375 0.055078125 0.05498046875
1 0.4578125 0.44453125 0.040625 0.0404296875
1 0.3 0.44296875 0.042578125 0.041796875
1 0.40234375 0.29296875 0.04375 0.04375
1 0.63125 0.290625 0.04599609375 0.0421875
1 0.0328125 0.4125 0.03671875 0.03662109375
1 0.97890625 0.371875 0.037109375 0.0380859375
1 0.55625 0.4265625 0.0359375 0.0359375
1 0.56640625 0.37890625 0.039453125 0.0396484375
1 0.5609375 0.3390625 0.03515625 0.03515625
1 0.60859375 0.3390625 0.037890625 0.037890625
1 0.61328125 0.375 0.040234375 0.040234375
1 0.6125 0.425 0.0390625 0.0390625
1 0.6640625 0.42109375 0.040625 0.034375
1 0.6515625 0.33203125 0.044921875 0.0384765625
1 0.696875 0.334375 0.0375 0.03046875
1 0.7375 0.33203125 0.033203125 0.0328125
1 0.79296875 0.334375 0.041015625 0.0412109375
1 0.778125 0.378125 0.0416015625 0.03515625
1 0.7609375 0.42109375 0.041015625 0.0306640625
1 0.81015625 0.41796875 0.04140625 0.04150390625
1 0.84296875 0.33046875 0.03828125 0.03828125
1 0.70859375 0.41640625 0.040625 0.0359375
0 0.696875 0.375 0.08359375 0.08369140625
1 0.82890625 0.371875 0.040234375 0.0404296875
1 0.85625 0.415625 0.03515625 0.03515625
1 0.89375 0.32890625 0.0421875 0.0384765625
1 0.91171875 0.415625 0.0375 0.03662109375
0 0.7796875 0.95703125 0.071875 0.0859375