1 0.6734375 0.78359375 0.034375 0.125
1 0.709375 0.40546875 0.06875 0.06640625
1 0.52890625 0.478125 0.065625 0.05546875
1 0.83671875 0.396875 0.071875 0.05
1 0.33515625 0.4859375 0.06875 0.05546875
1 0.146875 0.4890625 0.071875 0.0640625
1 0.43984375 0.028125 0.0296875 0.05546875
1 0.30390625 0.22890625 0.06875 0.046875
1 0.4046875 0.034375 0.028125 0.06875
1 0.77890625 0.146875 0.0484375 0.121875
1 0.971875 0.1609375 0.028125 0.13359375
1 0.0578125 0.7140625 0.05 0.10546875
1 0.11015625 0.6890625 0.04375 0.1
2 0.6328125 0.815625 0.0375 0.1359375
1 0.3859375 0.665625 0.065625 0.05859375
1 0.8171875 0.64609375 0.0609375 0.05