1 0.771875 0.57890625 0.06875 0.05859375
1 0.97265625 0.45703125 0.0515625 0.05546875
1 0.521875 0.3875 0.06875 0.053125
1 0.546875 0.475 0.06875 0.05546875
1 0.415625 0.303125 0.034375 0.11640625
1 0.665625 0.39140625 0.078125 0.05859375
1 0.7859375 0.390625 0.06875 0.05
1 0.96015625 0.38359375 0.0765625 0.05546875
1 0.30234375 0.21953125 0.06875 0.05
1 0.403125 0.03203125 0.028125 0.0640625
1 0.78125 0.14140625 0.05 0.121875
1 0.9765625 0.15546875 0.028125 0.13359375
1 0.05390625 0.7125 0.0515625 0.10859375
1 0.1046875 0.6890625 0.04375 0.1
2 0.63046875 0.809375 0.0375 0.1359375
1 0.38359375 0.665625 0.0671875 0.05859375
1 0.81640625 0.64296875 0.0609375 0.05