1 0.4734375 0.4875 0.06484375 0.0640625
1 0.84140625 0.39453125 0.07734375 0.06875
1 0.96015625 0.390625 0.0796875 0.08125
1 0.13125 0.49609375 0.068359375 0.06923828125
1 0.30703125 0.234375 0.0640625 0.0640625
1 0.40703125 0.040625 0.058984375 0.059765625
1 0.77734375 0.15703125 0.10078125 0.1005859375
1 0.96015625 0.16328125 0.0796875 0.0828125
1 0.0671875 0.7109375 0.0921875 0.0919921875
1 0.1171875 0.69140625 0.084375 0.084375
2 0.63359375 0.8 0.09296875 0.0931640625
1 0.38515625 0.6640625 0.070703125 0.0697265625
1 0.81640625 0.64296875 0.062109375 0.062109375