1 0.709375 0.5640625 0.095703125 0.097265625
1 0.6375 0.46796875 0.063671875 0.06376953125
1 0.5984375 0.39296875 0.0609375 0.06171875
1 0.42109375 0.4765625 0.0734375 0.06552734375
1 0.453125 0.21953125 0.09765625 0.09765625
1 0.41953125 0.2265625 0.04375 0.1173828125
1 0.8109375 0.390625 0.07734375 0.07724609375
1 0.971875 0.38671875 0.05625 0.0578125
1 0.30234375 0.22109375 0.075 0.06328125
1 0.40390625 0.03203125 0.0484375 0.0484375
1 0.78046875 0.14296875 0.09296875 0.0919921875
1 0.97734375 0.15703125 0.040625 0.1306640625
1 0.05546875 0.7140625 0.094921875 0.09482421875
1 0.10703125 0.6875 0.08203125 0.08203125
2 0.63203125 0.8109375 0.06953125 0.1396484375
1 0.38515625 0.665625 0.07421875 0.06708984375
1 0.81640625 0.64296875 0.063671875 0.063671875