1 0.8859375 0.5390625 0.06875 0.071875
1 0.0203125 0.4265625 0.040625 0.059375
1 0.3421875 0.4140625 0.075 0.05
1 0.5734375 0.40546875 0.075 0.05546875
1 0.8078125 0.390625 0.065625 0.053125
1 0.9390625 0.37890625 0.065625 0.05859375
1 0.4921875 0.490625 0.075 0.0609375
1 0.684375 0.75546875 0.034375 0.1109375
1 0.30234375 0.2234375 0.06875 0.046875
1 0.403125 0.0328125 0.0296875 0.065625
1 0.77890625 0.1359375 0.0484375 0.121875
1 0.9703125 0.153125 0.028125 0.13359375
1 0.05546875 0.7109375 0.0515625 0.10546875
1 0.10625 0.6890625 0.04375 0.1
2 0.6296875 0.80546875 0.0375 0.1390625
1 0.3828125 0.6640625 0.065625 0.05859375
1 0.81640625 0.64296875 0.0609375 0.05