0 0.96875 0.32890625 0.05625 0.04140625
1 0.96953125 0.41171875 0.0390625 0.03203125
1 0.8734375 0.37109375 0.0390625 0.03046875
1 0.1109375 0.3125 0.04609375 0.0359375
1 0.94765625 0.490625 0.034375 0.03359375
1 0.79296875 0.478125 0.0421875 0.03203125
1 0.9046875 0.534375 0.034375 0.028125
1 0.62890625 0.47890625 0.0375 0.025
1 0.925 0.371875 0.04375 0.028125
1 0.5265625 0.4625 0.0375 0.03046875
0 0.4765625 0.50546875 0.065625 0.04453125
1 0.32421875 0.45 0.0421875 0.03359375
1 0.35234375 0.40546875 0.0421875 0.03359375
1 0.2078125 0.41953125 0.04375 0.03359375
1 0.2390625 0.38359375 0.0421875 0.03046875
1 0.0796875 0.3703125 0.0328125 0.0265625
1 0.10078125 0.41640625 0.0453125 0.03359375
1 0.0125 0.415625 0.025 0.03359375
1 0.55546875 0.425 0.0328125 0.028125
1 0.56640625 0.378125 0.0375 0.03046875
1 0.559375 0.3390625 0.0359375 0.028125
1 0.6078125 0.3375 0.0375 0.028125
1 0.61328125 0.371875 0.0390625 0.03046875
1 0.61171875 0.4234375 0.040625 0.03046875
1 0.6640625 0.4203125 0.0375 0.0265625
1 0.6515625 0.33203125 0.0390625 0.03046875
1 0.696875 0.33359375 0.034375 0.025
1 0.7375 0.33046875 0.0328125 0.025
1 0.79296875 0.33203125 0.0390625 0.03046875
1 0.778125 0.3765625 0.0390625 0.03046875
1 0.759375 0.42109375 0.040625 0.03046875
1 0.81015625 0.41640625 0.0390625 0.03359375
1 0.8421875 0.3296875 0.0375 0.02890625
1 0.70859375 0.41640625 0.0359375 0.028125
0 0.696875 0.3734375 0.1 0.04453125
1 0.82890625 0.371875 0.0390625 0.02890625
1 0.85625 0.415625 0.040625 0.028125
1 0.89375 0.3296875 0.0375 0.02890625
1 0.91171875 0.415625 0.040625 0.03046875
0 0.77890625 0.95703125 0.0546875 0.08046875