0 0.96484375 0.33046875 0.0578125 0.0443359375
1 0.96640625 0.4109375 0.04296875 0.0404296875
1 0.87265625 0.37265625 0.040625 0.03974609375
1 0.925 0.37265625 0.0408203125 0.0400390625
1 0.94765625 0.48359375 0.04140625 0.04150390625
1 0.78671875 0.4765625 0.03984375 0.0318359375
1 0.15234375 0.29296875 0.0453125 0.04375
1 0.5640625 0.290625 0.047265625 0.0484375
1 0.2984375 0.440625 0.03515625 0.03505859375
1 0.2640625 0.390625 0.0458984375 0.040625
1 0.1171875 0.3734375 0.04521484375 0.0462890625
1 0.121875 0.421875 0.0427734375 0.04296875
1 0.97890625 0.37109375 0.03984375 0.03994140625
1 0.55625 0.428125 0.0375 0.0375
1 0.5671875 0.37890625 0.040234375 0.0404296875
1 0.5609375 0.3390625 0.0375 0.0375
1 0.60859375 0.3390625 0.034765625 0.035546875
1 0.6140625 0.375 0.0390625 0.03828125
1 0.6125 0.4265625 0.03203125 0.03359375
1 0.66484375 0.42109375 0.035546875 0.035546875
1 0.6515625 0.33203125 0.0419921875 0.03291015625
1 0.696875 0.3359375 0.03515625 0.03515625
1 0.7375 0.33203125 0.035546875 0.03046875
1 0.79296875 0.334375 0.041796875 0.04169921875
1 0.778125 0.378125 0.0361328125 0.034375
1 0.76171875 0.42109375 0.03984375 0.0408203125
1 0.8109375 0.41796875 0.04140625 0.0419921875
1 0.84296875 0.33046875 0.0390625 0.03125
1 0.70859375 0.41640625 0.03984375 0.034375
0 0.696875 0.375 0.084375 0.0845703125
1 0.82890625 0.371875 0.036328125 0.0365234375
1 0.85625 0.415625 0.04443359375 0.03515625
1 0.89453125 0.33046875 0.03828125 0.03828125
1 0.91171875 0.415625 0.0421875 0.0412109375
0 0.7796875 0.95703125 0.0755859375 0.07578125