1 0.534375 0.4859375 0.0755859375 0.06171875
1 0.571875 0.40859375 0.076953125 0.0666015625
2 0.309375 0.50390625 0.090234375 0.08955078125
1 0.3015625 0.2234375 0.0703125 0.0703125
1 0.40625 0.03203125 0.052734375 0.051953125
1 0.78984375 0.146875 0.093359375 0.092578125
1 0.978125 0.16171875 0.04375 0.1328125
1 0.046875 0.715625 0.09375 0.0927734375
1 0.1 0.7 0.08046875 0.0802734375
2 0.6375 0.8140625 0.075 0.1373046875
1 0.3828125 0.67109375 0.07578125 0.07197265625
1 0.825 0.65546875 0.0623046875 0.05
1 0.25546875 0.4140625 0.060546875 0.0607421875