1 0.44140625 0.18203125 0.0828125 0.0830078125
1 0.571875 0.40546875 0.061328125 0.0623046875
1 0.6734375 0.43046875 0.076953125 0.076171875
1 0.79609375 0.4890625 0.0734375 0.07353515625
1 0.303125 0.228125 0.07421875 0.0578125
1 0.40546875 0.034375 0.0296875 0.0634765625
1 0.78203125 0.15 0.097265625 0.096484375
1 0.965625 0.16015625 0.06875 0.1234375
1 0.0609375 0.7109375 0.084375 0.08427734375
1 0.11171875 0.690625 0.065625 0.10390625
2 0.63125 0.80390625 0.096484375 0.095703125
1 0.38359375 0.6640625 0.068359375 0.06904296875
1 0.81640625 0.64296875 0.065234375 0.065234375