1 0.78046875 0.1390625 0.091796875 0.091015625
1 0.9703125 0.15078125 0.059375 0.1265625
1 0.425 0.175 0.0892578125 0.08916015625
1 0.303125 0.225 0.07578125 0.0677734375
1 0.40390625 0.03203125 0.0296875 0.0640625
1 0.965625 0.3890625 0.0640625 0.064453125
1 0.76875 0.390625 0.0640625 0.0640625
1 0.35703125 0.4109375 0.078515625 0.079296875
1 0.57265625 0.46796875 0.07109375 0.05947265625
1 0.4109375 0.478125 0.0671875 0.06552734375
1 0.6828125 0.4859375 0.053125 0.1212890625
1 0.81640625 0.64296875 0.066015625 0.066015625
1 0.384375 0.6625 0.07734375 0.0708984375
1 0.109375 0.6875 0.06796875 0.103125
1 0.05546875 0.70703125 0.06484375 0.11259765625
2 0.63359375 0.80859375 0.10703125 0.10703125