1 0.86640625 0.54453125 0.0703125 0.071875
1 0.43828125 0.028125 0.0265625 0.05625
1 0.66796875 0.46953125 0.0640625 0.05546875
1 0.44609375 0.40546875 0.0796875 0.05859375
1 0.60234375 0.39609375 0.0734375 0.05
1 0.76171875 0.39140625 0.0765625 0.05546875
1 0.89140625 0.38359375 0.065625 0.05546875
1 0.12109375 0.49609375 0.0765625 0.0609375
1 0.68203125 0.91796875 0.0359375 0.10859375
1 0.30234375 0.221875 0.06875 0.05
1 0.4015625 0.03203125 0.028125 0.0640625
1 0.778125 0.13359375 0.05 0.121875
1 0.971875 0.1515625 0.028125 0.13046875
1 0.0515625 0.7125 0.05 0.10859375
1 0.1015625 0.6890625 0.04375 0.1
2 0.6296875 0.80703125 0.0375 0.1359375
1 0.3828125 0.6640625 0.065625 0.05859375
1 0.81640625 0.64296875 0.0609375 0.05