1 0.78125 0.15390625 0.09765625 0.09765625
1 0.97421875 0.16328125 0.0515625 0.1328125
1 0.30625 0.240625 0.0796875 0.0740234375
1 0.8546875 0.3875 0.0796875 0.07958984375
1 0.41015625 0.04140625 0.06484375 0.06484375
1 0.17734375 0.42890625 0.064453125 0.064453125
1 0.59453125 0.4875 0.070703125 0.069921875
1 0.41328125 0.49453125 0.07265625 0.07265625
1 0.13359375 0.4984375 0.060546875 0.061328125
1 0.81875 0.6515625 0.0640625 0.05546875
1 0.38828125 0.67109375 0.06640625 0.0673828125
1 0.11171875 0.7015625 0.076953125 0.0775390625
1 0.065625 0.72109375 0.0822265625 0.083203125
2 0.6375 0.8140625 0.09921875 0.098828125