1 0.740625 0.58359375 0.07890625 0.07890625
1 0.82734375 0.45859375 0.070703125 0.07080078125
1 0.55390625 0.39296875 0.069140625 0.069140625
1 0.45390625 0.4734375 0.0765625 0.0755859375
1 0.4484375 0.03359375 0.062890625 0.0626953125
1 0.41640625 0.2515625 0.084765625 0.0841796875
1 0.70625 0.390625 0.0875 0.07412109375
1 0.859375 0.3859375 0.0734375 0.0734375
1 0.30234375 0.21796875 0.06953125 0.06953125
1 0.403125 0.03203125 0.055078125 0.055078125
1 0.78125 0.14140625 0.103125 0.103125
1 0.97265625 0.1546875 0.0546875 0.13125
1 0.0546875 0.7125 0.0703125 0.11396484375
1 0.10625 0.6890625 0.08671875 0.08671875
2 0.63125 0.8109375 0.1 0.0998046875
1 0.384375 0.665625 0.0671875 0.0669921875
1 0.81640625 0.64296875 0.06640625 0.05703125