1 0.665625 0.6359375 0.0859375 0.0859375
1 0.72890625 0.39296875 0.080078125 0.08017578125
1 0.47421875 0.47890625 0.06875 0.05869140625
1 0.859375 0.39609375 0.0734375 0.0734375
1 0.24453125 0.4890625 0.0671875 0.06708984375
1 0.03046875 0.49375 0.0609375 0.065625
1 0.3046875 0.23046875 0.059375 0.059375
1 0.4046875 0.0359375 0.05625 0.05625
1 0.7796875 0.15 0.10234375 0.10234375
1 0.96171875 0.1609375 0.0765625 0.0875
1 0.05859375 0.7140625 0.091796875 0.0908203125
1 0.11015625 0.6890625 0.084375 0.084375
2 0.6328125 0.815625 0.1046875 0.1044921875
1 0.3859375 0.665625 0.07265625 0.07255859375
1 0.8171875 0.646875 0.0642578125 0.05546875