0 0.965625 0.32890625 0.05625 0.04140625
1 0.96796875 0.4109375 0.0390625 0.03359375
1 0.8734375 0.371875 0.0390625 0.028125
1 0.925 0.37265625 0.04296875 0.02890625
1 0.88359375 0.48046875 0.0328125 0.028125
1 0.77734375 0.5 0.0453125 0.03359375
1 0.6796875 0.48359375 0.04296875 0.03046875
1 0.309375 0.5859375 0.0265625 0.06640625
1 0.4859375 0.45390625 0.0453125 0.03359375
1 0.32265625 0.45 0.04375 0.03359375
1 0.36171875 0.29296875 0.0390625 0.0359375
1 0.5890625 0.290625 0.03984375 0.034375
1 0.975 0.278125 0.046875 0.040625
1 0.05625 0.41484375 0.04140625 0.03203125
1 0.97890625 0.37109375 0.0390625 0.03046875
1 0.55625 0.4265625 0.03359375 0.028125
1 0.56640625 0.37890625 0.0375 0.03046875
1 0.5609375 0.3390625 0.034375 0.028125
1 0.609375 0.33984375 0.03828125 0.0265625
1 0.6140625 0.37578125 0.03828125 0.02890625
1 0.6125 0.425 0.040625 0.028125
1 0.6640625 0.42109375 0.0375 0.025
1 0.6515625 0.33203125 0.0390625 0.03046875
1 0.696875 0.334375 0.034375 0.025
1 0.7375 0.33203125 0.0328125 0.025
1 0.79296875 0.33359375 0.0390625 0.03359375
1 0.778125 0.378125 0.0390625 0.028125
1 0.7609375 0.42109375 0.0390625 0.03046875
1 0.81015625 0.41796875 0.0390625 0.03046875
1 0.84296875 0.33046875 0.0375 0.028125
1 0.70859375 0.41640625 0.0359375 0.028125
0 0.696875 0.375 0.1 0.04453125
1 0.82890625 0.371875 0.0390625 0.02890625
1 0.85625 0.415625 0.040625 0.028125
1 0.89375 0.32890625 0.0375 0.03046875
1 0.91171875 0.415625 0.040625 0.03046875
0 0.7796875 0.95703125 0.053125 0.078125