1 0.9609375 0.1515625 0.078125 0.09375
1 0.2984375 0.22578125 0.078125 0.071875
1 0.40234375 0.0328125 0.057421875 0.057421875
1 0.9703125 0.37265625 0.059375 0.0671875
1 0.8625 0.3859375 0.07265625 0.0646484375
1 0.709375 0.40078125 0.07607421875 0.07529296875
1 0.515625 0.4015625 0.076953125 0.065625
1 0.3 0.415625 0.06796875 0.06796875
1 0.8 0.465625 0.065625 0.05927734375
1 0.28125 0.49453125 0.0716796875 0.072265625
1 0.87109375 0.5484375 0.085546875 0.085546875
1 0.8171875 0.64375 0.0669921875 0.067578125
1 0.3828125 0.66484375 0.0767578125 0.07265625
1 0.10390625 0.690625 0.04609375 0.10078125
1 0.053125 0.7125 0.0892578125 0.0873046875
2 0.6296875 0.80625 0.10556640625 0.10546875
1 0.6828125 0.853125 0.0720703125 0.071875
1 0.778125 0.134375 0.07646484375 0.12578125