1 0.8890625 0.5359375 0.08046875 0.08046875
1 0.3078125 0.415625 0.075 0.075
1 0.54609375 0.40703125 0.08125 0.0681640625
1 0.7953125 0.390625 0.07109375 0.07109375
1 0.93046875 0.38046875 0.075 0.06572265625
1 0.52109375 0.4890625 0.0765625 0.0595703125
1 0.6859375 0.74140625 0.085546875 0.085546875
1 0.30234375 0.2234375 0.07421875 0.05625
1 0.403125 0.0328125 0.052734375 0.053125
1 0.77890625 0.1359375 0.099609375 0.099609375
1 0.96171875 0.153125 0.0765625 0.0875
1 0.05546875 0.7109375 0.094140625 0.09326171875
1 0.10703125 0.6890625 0.08125 0.08125
2 0.63046875 0.80546875 0.05234375 0.14140625
1 0.3828125 0.6640625 0.075 0.07490234375
1 0.81640625 0.64296875 0.06484375 0.0546875