0 0.9671875 0.32890625 0.05625 0.04140625
1 0.96875 0.4109375 0.0390625 0.03359375
1 0.8734375 0.371875 0.0390625 0.028125
1 0.925 0.37265625 0.04296875 0.02890625
1 0.96328125 0.47109375 0.0375 0.03046875
0 0.90234375 0.52890625 0.0609375 0.04140625
1 0.76875 0.5265625 0.0375 0.03046875
1 0.79921875 0.4734375 0.0421875 0.0359375
1 0.5703125 0.6875 0.0375 0.046875
1 0.68984375 0.484375 0.0421875 0.03046875
1 0.53671875 0.4734375 0.0328125 0.025
1 0.4671875 0.4953125 0.0453125 0.034375
1 0.33203125 0.45703125 0.0421875 0.03359375
1 0.35859375 0.409375 0.0390625 0.0359375
1 0.17421875 0.4234375 0.0421875 0.03359375
1 0.1859375 0.371875 0.0453125 0.03359375
1 0.09375 0.41640625 0.05 0.03359375
1 0.80703125 0.284375 0.0390625 0.0359375
1 0.97890625 0.37109375 0.0390625 0.03046875
1 0.55546875 0.4265625 0.0328125 0.028125
1 0.56640625 0.37890625 0.0375 0.03046875
1 0.56015625 0.3390625 0.0359375 0.028125
1 0.6078125 0.3375 0.0375 0.028125
1 0.61328125 0.3734375 0.0390625 0.03046875
1 0.61171875 0.425 0.040625 0.028125
1 0.6640625 0.42109375 0.0375 0.025
1 0.6515625 0.33203125 0.0390625 0.03046875
1 0.696875 0.334375 0.034375 0.025
1 0.7375 0.33046875 0.0328125 0.025
1 0.79296875 0.33359375 0.0390625 0.03359375
1 0.778125 0.378125 0.0390625 0.028125
1 0.76015625 0.42109375 0.0390625 0.03046875
1 0.81015625 0.41796875 0.0390625 0.03046875
1 0.8421875 0.32890625 0.0375 0.03046875
1 0.70859375 0.41640625 0.0359375 0.028125
0 0.696875 0.375 0.09921875 0.04453125
1 0.82890625 0.37109375 0.0390625 0.03046875
1 0.85625 0.415625 0.040625 0.028125
1 0.89375 0.3296875 0.0375 0.02890625
1 0.91171875 0.415625 0.040625 0.03046875
0 0.7796875 0.95703125 0.053125 0.078125