1 0.78125 0.15390625 0.04921875 0.121875
1 0.9703125 0.1671875 0.03359375 0.12890625
1 0.30625 0.2359375 0.06875 0.05
1 0.40546875 0.03984375 0.0296875 0.07890625
1 0.775 0.38984375 0.07578125 0.059375
1 0.934375 0.396875 0.07265625 0.05
1 0.015625 0.43203125 0.03125 0.053125
1 0.78828125 0.47890625 0.0640625 0.05
1 0.2828125 0.49453125 0.06640625 0.05546875
1 0.56953125 0.5015625 0.0671875 0.0640625
1 0.0578125 0.503125 0.07109375 0.05859375
1 0.81875 0.65234375 0.06171875 0.0515625
1 0.38671875 0.6671875 0.0671875 0.059375
1 0.11171875 0.6921875 0.04375 0.10390625
1 0.0640625 0.71640625 0.05078125 0.10859375
2 0.634375 0.81015625 0.03828125 0.1375