1 0.725 0.4265625 0.08515625 0.08505859375
1 0.85546875 0.3984375 0.078125 0.0771484375
1 0.9515625 0.39140625 0.066796875 0.0595703125
1 0.190625 0.49296875 0.0630859375 0.06376953125
1 0.30859375 0.23359375 0.07109375 0.07109375
1 0.40859375 0.04453125 0.06328125 0.0634765625
1 0.77734375 0.153125 0.09296875 0.09296875
1 0.95859375 0.16484375 0.0828125 0.0921875
1 0.0703125 0.7125 0.08125 0.0810546875
1 0.11953125 0.69140625 0.07578125 0.07578125
2 0.634375 0.7984375 0.09140625 0.0916015625
1 0.3859375 0.6640625 0.06953125 0.0693359375
1 0.81640625 0.64296875 0.06875 0.06171875