1 0.8453125 0.55859375 0.077734375 0.078515625
1 0.4484375 0.2 0.0759765625 0.0748046875
1 0.5453125 0.4734375 0.0771484375 0.07900390625
1 0.56484375 0.4 0.0859375 0.07724609375
1 0.68203125 0.39609375 0.062109375 0.062109375
1 0.80234375 0.39453125 0.07734375 0.0783203125
1 0.940625 0.38359375 0.070703125 0.0716796875
1 0.30234375 0.22109375 0.0671875 0.0671875
1 0.4015625 0.0328125 0.040625 0.065625
1 0.78046875 0.1375 0.093359375 0.09423828125
1 0.96328125 0.15234375 0.0734375 0.0890625
1 0.05234375 0.7125 0.089453125 0.0900390625
1 0.103125 0.6890625 0.07734375 0.07734375
2 0.6296875 0.80703125 0.059375 0.1375
1 0.3828125 0.6640625 0.075 0.0748046875
1 0.81640625 0.64296875 0.060546875 0.060546875