1 0.734375 0.52890625 0.0375 0.03359375
1 0.92265625 0.46796875 0.0421875 0.0359375
1 0.625 0.51953125 0.01875 0.028125
0 0.9671875 0.328125 0.05625 0.04140625
1 0.703125 0.4765625 0.040625 0.03046875
1 0.603125 0.46875 0.0359375 0.03203125
1 0.4421875 0.47890625 0.0328125 0.03046875
1 0.375 0.42109375 0.04375 0.0359375
1 0.97265625 0.409375 0.0390625 0.03046875
1 0.87890625 0.36953125 0.0390625 0.028125
1 0.51875 0.2875 0.040625 0.03046875
1 0.15546875 0.42109375 0.0359375 0.03359375
1 0.2078125 0.37265625 0.03984375 0.02890625
1 0.04765625 0.36953125 0.0421875 0.03046875
1 0.05078125 0.4140625 0.0390625 0.028125
1 0.5546875 0.421875 0.034375 0.028125
1 0.565625 0.3765625 0.0375 0.03046875
1 0.55859375 0.3359375 0.0359375 0.028125
1 0.60625 0.3359375 0.0375 0.028125
1 0.6125 0.36953125 0.0375 0.03359375
1 0.6109375 0.42109375 0.040625 0.03046875
1 0.6625 0.41796875 0.0375 0.025
1 0.65 0.32890625 0.0390625 0.03046875
1 0.696875 0.33046875 0.03515625 0.025
1 0.73671875 0.32890625 0.0328125 0.025
1 0.7921875 0.33046875 0.0390625 0.03359375
1 0.77734375 0.375 0.0390625 0.03359375
1 0.75859375 0.41953125 0.0421875 0.03359375
1 0.80859375 0.4171875 0.0390625 0.034375
1 0.8421875 0.328125 0.0375 0.03046875
1 0.70625 0.4125 0.0359375 0.028125
0 0.696875 0.371875 0.09921875 0.04453125
1 0.82890625 0.36953125 0.0390625 0.028125
1 0.85625 0.4140625 0.03984375 0.028125
1 0.89296875 0.328125 0.0375 0.028125
1 0.91015625 0.415625 0.040625 0.03046875
0 0.77734375 0.95703125 0.0578125 0.08046875