1 0.77890625 0.14453125 0.085546875 0.085546875
1 0.96640625 0.15390625 0.0671875 0.0796875
1 0.421875 0.18359375 0.074609375 0.0751953125
1 0.303125 0.225 0.06953125 0.06953125
1 0.4046875 0.03203125 0.046484375 0.046484375
1 0.9578125 0.38828125 0.084375 0.0765625
1 0.7546875 0.390625 0.0671875 0.0671875
1 0.37578125 0.4 0.0859375 0.0958984375
1 0.57578125 0.46796875 0.0671875 0.0548828125
1 0.4171875 0.478125 0.0671875 0.06630859375
1 0.684375 0.496875 0.08125 0.08125
1 0.81640625 0.64296875 0.069140625 0.069140625
1 0.38671875 0.665625 0.078125 0.0740234375
1 0.109375 0.6875 0.0859375 0.0859375
1 0.05625 0.715625 0.0875 0.0865234375
2 0.63359375 0.803125 0.105859375 0.1060546875