1 0.3296875 0.421875 0.073046875 0.073046875
1 0.4390625 0.22421875 0.087890625 0.08701171875
1 0.30625 0.23671875 0.07265625 0.05390625
1 0.409375 0.03984375 0.0642578125 0.06435546875
1 0.7828125 0.153125 0.09755859375 0.09755859375
1 0.9640625 0.16171875 0.071875 0.0890625
1 0.0625 0.7171875 0.06416015625 0.11103515625
1 0.1140625 0.69765625 0.089453125 0.0900390625
2 0.63515625 0.8203125 0.05390625 0.13984375
1 0.3859375 0.66796875 0.06611328125 0.06533203125
1 0.8203125 0.653125 0.0650390625 0.05703125