1 0.71484375 0.571875 0.095703125 0.0955078125
1 0.671875 0.465625 0.06953125 0.0685546875
1 0.58359375 0.39609375 0.07265625 0.05078125
1 0.42265625 0.478125 0.0703125 0.05849609375
1 0.45546875 0.184375 0.091015625 0.0916015625
1 0.41875 0.23046875 0.05390625 0.11630859375
1 0.7828125 0.390625 0.0796875 0.07958984375
1 0.9609375 0.3875 0.078125 0.059375
1 0.30234375 0.22109375 0.075 0.06328125
1 0.40390625 0.03203125 0.05625 0.05625
1 0.78046875 0.14296875 0.0953125 0.09521484375
1 0.9671875 0.15546875 0.065625 0.0828125
1 0.05546875 0.7140625 0.094921875 0.0947265625
1 0.10703125 0.6875 0.08671875 0.08671875
2 0.63125 0.8109375 0.0796875 0.1341796875
1 0.384375 0.665625 0.0640625 0.0638671875
1 0.81640625 0.64296875 0.055078125 0.055078125