1 0.9703125 0.4828125 0.059375 0.059375
1 0.83203125 0.478125 0.070703125 0.07001953125
1 0.440625 0.140625 0.04375 0.1205078125
1 0.30625 0.2375 0.07265625 0.05390625
1 0.40859375 0.03984375 0.0484375 0.0796875
1 0.784375 0.153125 0.08984375 0.08984375
1 0.97265625 0.16171875 0.0546875 0.1265625
1 0.06484375 0.71640625 0.078125 0.07900390625
1 0.115625 0.6984375 0.06875 0.10625
2 0.63671875 0.82109375 0.090234375 0.090234375
1 0.384375 0.66953125 0.073046875 0.07236328125
1 0.82265625 0.653125 0.055859375 0.056640625