1 0.96796875 0.46953125 0.0640625 0.0578125
1 0.64375 0.5625 0.08203125 0.08193359375
1 0.74140625 0.39140625 0.080078125 0.0802734375
1 0.40390625 0.48203125 0.071484375 0.0716796875
1 0.87890625 0.39609375 0.07109375 0.07109375
1 0.16953125 0.49453125 0.065625 0.06650390625
1 0.3046875 0.23359375 0.0703125 0.0703125
1 0.4046875 0.03828125 0.0583984375 0.057421875
1 0.78046875 0.1515625 0.094140625 0.0951171875
1 0.96328125 0.1625 0.0734375 0.08125
1 0.05859375 0.715625 0.094921875 0.09482421875
1 0.1109375 0.690625 0.08046875 0.08203125
2 0.63359375 0.815625 0.08984375 0.0896484375
1 0.3859375 0.665625 0.0734375 0.0732421875
1 0.8171875 0.65 0.062890625 0.0625