1 0.71484375 0.571875 0.094921875 0.09404296875
1 0.671875 0.465625 0.07421875 0.06630859375
1 0.58359375 0.39609375 0.07265625 0.07265625
1 0.42265625 0.478125 0.06953125 0.06943359375
1 0.45546875 0.184375 0.07109375 0.1349609375
1 0.41875 0.23046875 0.077734375 0.0783203125
1 0.7828125 0.390625 0.0875 0.0771484375
1 0.96171875 0.3875 0.073828125 0.073828125
1 0.30234375 0.22109375 0.06328125 0.06328125
1 0.40390625 0.03203125 0.0484375 0.0484375
1 0.78046875 0.14296875 0.08125 0.12099609375
1 0.965625 0.15546875 0.06875 0.0859375
1 0.05546875 0.7140625 0.086328125 0.08544921875
1 0.10703125 0.6875 0.07421875 0.07421875
2 0.63125 0.8109375 0.0890625 0.0888671875
1 0.384375 0.665625 0.07109375 0.0662109375
1 0.81640625 0.64296875 0.0640625 0.05390625