1 0.96328125 0.15234375 0.0734375 0.0921875
1 0.421875 0.19609375 0.08125 0.08046875
1 0.30234375 0.22109375 0.072265625 0.072265625
1 0.40546875 0.0328125 0.0453125 0.065625
1 0.9453125 0.3890625 0.0828125 0.0830078125
1 0.74375 0.390625 0.0765625 0.06640625
1 0.39609375 0.390625 0.08359375 0.0974609375
1 0.578125 0.46796875 0.069140625 0.0693359375
1 0.41875 0.4765625 0.0734375 0.0732421875
1 0.684375 0.50703125 0.069140625 0.12109375
1 0.81640625 0.64453125 0.06484375 0.0595703125
1 0.384375 0.6609375 0.062890625 0.065234375
1 0.10625 0.6890625 0.07421875 0.1107421875
1 0.0546875 0.70859375 0.0515625 0.1087890625
2 0.634375 0.80390625 0.100390625 0.100390625
1 0.78203125 0.1375 0.065625 0.12578125