1 0.91484375 0.51640625 0.036328125 0.036328125
0 0.96796875 0.328125 0.0625 0.05400390625
1 0.9328125 0.4765625 0.0400390625 0.03818359375
1 0.71484375 0.5265625 0.03515625 0.03583984375
1 0.675 0.478125 0.0484375 0.040625
1 0.9703125 0.409375 0.0419921875 0.04208984375
1 0.87421875 0.37109375 0.040625 0.0408203125
1 0.05234375 0.29140625 0.0375 0.0376953125
1 0.5296875 0.2890625 0.03984375 0.03818359375
1 0.8546875 0.28359375 0.0494140625 0.049609375
1 0.45703125 0.49140625 0.040625 0.04072265625
1 0.48828125 0.4515625 0.04453125 0.0447265625
1 0.29609375 0.396875 0.043359375 0.04326171875
1 0.36171875 0.4625 0.04296875 0.034375
1 0.165625 0.375 0.040625 0.03974609375
1 0.990625 0.3703125 0.01875 0.03125
1 0.06171875 0.3671875 0.0359375 0.0361328125
1 0.5546875 0.4234375 0.0373046875 0.0375
1 0.56640625 0.378125 0.040625 0.0404296875
1 0.559375 0.33828125 0.04130859375 0.034375
1 0.60703125 0.3359375 0.04296875 0.03515625
1 0.6125 0.37109375 0.035546875 0.03486328125
1 0.61171875 0.42265625 0.04609375 0.0404296875
1 0.66328125 0.4203125 0.03671875 0.036328125
1 0.6515625 0.33203125 0.0416015625 0.04189453125
1 0.69609375 0.33203125 0.0359375 0.02578125
1 0.73671875 0.33046875 0.032421875 0.032421875
1 0.79296875 0.33203125 0.0421875 0.0353515625
1 0.778125 0.3765625 0.0408203125 0.04052734375
1 0.75859375 0.42109375 0.0421875 0.0423828125
1 0.809375 0.4171875 0.0408203125 0.0390625
1 0.8421875 0.328125 0.03515625 0.0349609375
1 0.7078125 0.415625 0.04140625 0.0359375
0 0.696875 0.3734375 0.10390625 0.06650390625
1 0.82890625 0.37109375 0.04375 0.0376953125
1 0.85625 0.415625 0.04140625 0.04140625
1 0.89375 0.32890625 0.039453125 0.03876953125
1 0.9109375 0.415625 0.03515625 0.03505859375
0 0.778125 0.95703125 0.081640625 0.08173828125