1 0.74375 0.4125 0.07890625 0.0806640625
1 0.8640625 0.3984375 0.0734375 0.0732421875
1 0.96640625 0.47421875 0.0671875 0.0609375
1 0.96015625 0.39296875 0.07421875 0.07431640625
1 0.01875 0.503125 0.0375 0.0625
1 0.30859375 0.2375 0.07109375 0.05078125
1 0.40859375 0.04453125 0.04453125 0.0853515625
1 0.77578125 0.15859375 0.07421875 0.12578125
1 0.95859375 0.1640625 0.0828125 0.0875
1 0.0703125 0.7125 0.09375 0.09365234375
1 0.11953125 0.69140625 0.08671875 0.08671875
2 0.634375 0.7984375 0.096875 0.097265625
1 0.3859375 0.6640625 0.0703125 0.07021484375
1 0.81640625 0.64296875 0.066015625 0.066015625