1 0.91640625 0.4765625 0.07109375 0.04765625
1 0.45859375 0.2890625 0.087890625 0.0890625
2 0.6890625 0.49140625 0.078515625 0.0787109375
1 0.30234375 0.225 0.0703125 0.0703125
1 0.40703125 0.03203125 0.05234375 0.05234375
1 0.79375 0.146875 0.09765625 0.09765625
1 0.96796875 0.1609375 0.0640625 0.0875
1 0.0484375 0.7109375 0.09375 0.094921875
1 0.09921875 0.7 0.05 0.10771484375
2 0.63984375 0.81796875 0.103515625 0.103515625
1 0.3828125 0.671875 0.075 0.07021484375
1 0.8265625 0.65859375 0.0595703125 0.05