1 0.70703125 0.47890625 0.065234375 0.065234375
1 0.503125 0.3875 0.08359375 0.08359375
2 0.475 0.5015625 0.084375 0.0841796875
1 0.30234375 0.225 0.0625 0.0625
1 0.40625 0.03203125 0.052734375 0.052734375
1 0.79140625 0.146875 0.097265625 0.097265625
1 0.96796875 0.1609375 0.0640625 0.0875
1 0.04765625 0.7140625 0.083984375 0.08515625
1 0.09921875 0.7 0.0875 0.0873046875
2 0.63828125 0.81640625 0.089453125 0.089453125
1 0.3828125 0.67109375 0.065234375 0.0646484375
1 0.825 0.65703125 0.0662109375 0.06640625
1 0.11484375 0.41796875 0.07109375 0.0609375