1 0.79375 0.146875 0.10390625 0.10390625
1 0.97734375 0.16171875 0.0453125 0.1234375
1 0.303125 0.228125 0.06875 0.0560546875
1 0.453125 0.2625 0.096875 0.0970703125
1 0.40859375 0.03203125 0.048046875 0.048046875
1 0.95703125 0.471875 0.0703125 0.07109375
2 0.73046875 0.4890625 0.109375 0.08603515625
1 0.8296875 0.6609375 0.06171875 0.06171875
1 0.38515625 0.678125 0.070703125 0.0712890625
1 0.09921875 0.703125 0.08515625 0.084765625
1 0.0484375 0.71953125 0.08046875 0.13125
2 0.64140625 0.821875 0.101953125 0.1015625