1 0.8609375 0.5484375 0.0828125 0.0830078125
1 0.4421875 0.09140625 0.08046875 0.0794921875
1 0.615625 0.4734375 0.06953125 0.0638671875
1 0.503125 0.403125 0.0765625 0.0763671875
1 0.640625 0.39609375 0.0671875 0.0671875
1 0.778125 0.39296875 0.0734375 0.0724609375
1 0.90546875 0.38359375 0.069921875 0.07001953125
1 0.04296875 0.496875 0.072265625 0.07109375
1 0.6828125 0.95390625 0.040625 0.0875
1 0.30234375 0.221875 0.0765625 0.0640625
1 0.4015625 0.03203125 0.048828125 0.048046875
1 0.77890625 0.134375 0.086328125 0.08720703125
1 0.97109375 0.15078125 0.0578125 0.1265625
1 0.0515625 0.7125 0.08046875 0.08037109375
1 0.10234375 0.6890625 0.05078125 0.10234375
2 0.6296875 0.80703125 0.098046875 0.097265625
1 0.3828125 0.6640625 0.0734375 0.0685546875
1 0.81640625 0.64296875 0.060546875 0.060546875