1 0.77578125 0.1609375 0.094921875 0.094921875
1 0.95625 0.16484375 0.0875 0.0953125
1 0.30859375 0.2390625 0.06015625 0.06015625
1 0.96328125 0.396875 0.06875 0.06083984375
1 0.86640625 0.4 0.082421875 0.08203125
1 0.7484375 0.4109375 0.0703125 0.0705078125
1 0.409375 0.04609375 0.065234375 0.06611328125
1 0.9109375 0.4765625 0.075 0.06396484375
1 0.8171875 0.6484375 0.06328125 0.0634765625
1 0.3890625 0.66796875 0.0607421875 0.05986328125
1 0.11953125 0.69296875 0.071875 0.10078125
1 0.0703125 0.7125 0.09296875 0.09287109375
2 0.634375 0.7984375 0.103125 0.103515625