1 0.8890625 0.5359375 0.0796875 0.0796875
1 0.3078125 0.415625 0.075 0.075
1 0.54609375 0.40703125 0.0765625 0.07666015625
1 0.7953125 0.390625 0.0609375 0.0609375
1 0.93046875 0.38046875 0.071875 0.0720703125
1 0.52109375 0.4890625 0.076953125 0.0779296875
1 0.6859375 0.74140625 0.086328125 0.086328125
1 0.30234375 0.2234375 0.06484375 0.065625
1 0.403125 0.0328125 0.0521484375 0.05234375
1 0.77890625 0.1359375 0.098046875 0.098046875
1 0.9640625 0.15234375 0.071875 0.0796875
1 0.05546875 0.7109375 0.05234375 0.10615234375
1 0.10703125 0.6890625 0.07578125 0.07578125
2 0.63046875 0.80546875 0.095703125 0.095703125
1 0.3828125 0.6640625 0.06640625 0.06005859375
1 0.81640625 0.64296875 0.066015625 0.066015625