1 0.18125 0.40859375 0.0390625 0.028125
1 0.21640625 0.365625 0.0421875 0.03046875
1 0.07421875 0.39765625 0.0390625 0.02890625
0 0.6109375 0.278125 0.065625 0.0390625
0 0.96796875 0.3265625 0.0546875 0.04140625
1 0.0578125 0.35703125 0.040625 0.03046875
1 0.6625 0.47109375 0.03828125 0.03359375
1 0.79453125 0.475 0.0390625 0.03046875
1 0.70703125 0.5234375 0.0359375 0.03046875
1 0.84375 0.521875 0.04140625 0.0375
1 0.5453125 0.465625 0.040625 0.0359375
1 0.3859375 0.41953125 0.03203125 0.03046875
0 0.4265625 0.4765625 0.06875 0.05
1 0.434375 0.596875 0.0375 0.0609375
1 0.553125 0.41953125 0.034375 0.028125
1 0.56484375 0.371875 0.0375 0.03046875
1 0.55703125 0.33203125 0.0359375 0.028125
1 0.60546875 0.33359375 0.0390625 0.028125
1 0.61015625 0.36796875 0.0390625 0.03046875
1 0.609375 0.41796875 0.040625 0.03046875
1 0.6609375 0.4140625 0.0375 0.028125
1 0.64921875 0.3265625 0.0390625 0.03046875
1 0.69453125 0.328125 0.0359375 0.028125
1 0.7359375 0.3265625 0.03359375 0.028125
1 0.090625 0.2734375 0.040625 0.0359375
1 0.790625 0.3296875 0.0390625 0.03203125
1 0.77578125 0.37265625 0.0390625 0.03203125
1 0.7578125 0.41640625 0.04140625 0.03359375
1 0.80625 0.415625 0.0390625 0.0359375
1 0.840625 0.3265625 0.0375 0.03046875
1 0.70390625 0.409375 0.0359375 0.03046875
0 0.6953125 0.36953125 0.09921875 0.04453125
1 0.828125 0.36875 0.0390625 0.02890625
1 0.853125 0.4125 0.040625 0.028125
1 0.89140625 0.32734375 0.0375 0.02890625
1 0.2484375 0.2859375 0.04375 0.03359375
1 0.2828125 0.425 0.040625 0.03359375
1 0.9078125 0.4140625 0.040625 0.03046875
1 0.5453125 0.540625 0.04140625 0.04140625
0 0.7765625 0.95546875 0.06015625 0.08046875