1 0.8828125 0.48203125 0.0591796875 0.05810546875
1 0.7296875 0.48046875 0.0669921875 0.0673828125
1 0.4421875 0.0828125 0.07568359375 0.07568359375
1 0.30625 0.23671875 0.069921875 0.069921875
1 0.40859375 0.03984375 0.0546875 0.0544921875
1 0.784375 0.153125 0.09599609375 0.09599609375
1 0.96328125 0.16171875 0.0734375 0.0921875
1 0.065625 0.7171875 0.08994140625 0.08994140625
1 0.11640625 0.69921875 0.07109375 0.10615234375
2 0.63671875 0.82265625 0.046875 0.1390625
1 0.384375 0.66953125 0.07587890625 0.07119140625
1 0.82265625 0.653125 0.06953125 0.06328125