1 0.040625 0.3984375 0.0390625 0.028125
1 0.04296875 0.3515625 0.0421875 0.03046875
0 0.94765625 0.275 0.0734375 0.0390625
0 0.978125 0.3265625 0.04296875 0.04140625
1 0.4546875 0.43203125 0.040625 0.0359375
1 0.56875 0.46796875 0.0390625 0.03359375
1 0.4953125 0.49140625 0.034375 0.03359375
1 0.6203125 0.51171875 0.04140625 0.0375
1 0.34765625 0.39296875 0.040625 0.0359375
1 0.89609375 0.471875 0.0390625 0.03359375
1 0.9875 0.5265625 0.021875 0.03046875
1 0.20625 0.371875 0.03125 0.03046875
0 0.26875 0.428125 0.06875 0.04453125
1 0.4125 0.6234375 0.034375 0.06953125
1 0.55234375 0.41796875 0.0359375 0.028125
1 0.5640625 0.37109375 0.0375 0.03046875
1 0.55703125 0.33046875 0.0359375 0.028125
1 0.16484375 0.27890625 0.0390625 0.03046875
1 0.6046875 0.33203125 0.0375 0.03046875
1 0.61015625 0.36796875 0.0390625 0.03046875
1 0.609375 0.41796875 0.040625 0.03046875
1 0.66015625 0.4140625 0.0375 0.028125
1 0.64921875 0.3265625 0.0390625 0.03359375
1 0.69375 0.3265625 0.0375 0.03046875
1 0.734375 0.3265625 0.034375 0.03046875
1 0.3828125 0.2765625 0.04375 0.0359375
1 0.78984375 0.32890625 0.0390625 0.03046875
1 0.77578125 0.37109375 0.0390625 0.03046875
1 0.75703125 0.41640625 0.0421875 0.03359375
1 0.80546875 0.4140625 0.0390625 0.03359375
1 0.83984375 0.3265625 0.0375 0.03046875
1 0.70390625 0.409375 0.0359375 0.03046875
0 0.69453125 0.36796875 0.0984375 0.04453125
1 0.828125 0.36640625 0.0390625 0.028125
1 0.85234375 0.4125 0.0390625 0.028125
1 0.890625 0.3265625 0.0375 0.03046875
1 0.5453125 0.278125 0.04296875 0.03203125
1 0.13125 0.3984375 0.040625 0.03359375
1 0.91328125 0.4140625 0.040625 0.03046875
1 0.484375 0.5640625 0.04140625 0.053125
0 0.77578125 0.95625 0.0609375 0.08203125