1 0.78125 0.15390625 0.05 0.121875
1 0.97265625 0.17109375 0.0328125 0.13046875
1 0.30625 0.2359375 0.06875 0.05
1 0.83828125 0.3875 0.0765625 0.05859375
1 0.4078125 0.03984375 0.0296875 0.07890625
1 0.14921875 0.428125 0.0703125 0.053125
1 0.62578125 0.4875 0.0734375 0.05
1 0.43984375 0.49296875 0.0703125 0.05859375
1 0.1609375 0.503125 0.065625 0.05546875
1 0.81875 0.65390625 0.0625 0.053125
1 0.38828125 0.671875 0.0671875 0.0609375
1 0.11171875 0.69296875 0.04375 0.10546875
1 0.0640625 0.71640625 0.05 0.10859375
2 0.63515625 0.8125 0.0390625 0.1359375