1 0.534375 0.4859375 0.0701171875 0.0703125
1 0.571875 0.40859375 0.0767578125 0.06650390625
2 0.309375 0.50390625 0.086328125 0.08564453125
1 0.3015625 0.2234375 0.07421875 0.05625
1 0.40546875 0.03203125 0.0296875 0.0640625
1 0.78984375 0.146875 0.0484375 0.121875
1 0.97578125 0.16171875 0.0484375 0.1296875
1 0.046875 0.71484375 0.09375 0.0953125
1 0.1 0.7 0.06640625 0.1154296875
2 0.6375 0.8140625 0.06015625 0.1419921875
1 0.3828125 0.67109375 0.073828125 0.0740234375
1 0.825 0.65546875 0.0583984375 0.05859375
1 0.25546875 0.4140625 0.0703125 0.0564453125