1 0.75078125 0.478125 0.0734375 0.06015625
1 0.48984375 0.3765625 0.07734375 0.09052734375
2 0.51796875 0.5 0.091796875 0.09169921875
1 0.30234375 0.225 0.075 0.06015625
1 0.40703125 0.03203125 0.04921875 0.04921875
1 0.7921875 0.146875 0.0890625 0.090625
1 0.96640625 0.1609375 0.0671875 0.0875
1 0.04765625 0.7140625 0.091015625 0.09140625
1 0.09921875 0.7 0.09140625 0.09130859375
2 0.63828125 0.81640625 0.095703125 0.095703125
1 0.3828125 0.671875 0.07578125 0.0716796875
1 0.82578125 0.65703125 0.060546875 0.060546875
1 0.07890625 0.41796875 0.062890625 0.062890625