0 0.96328125 0.33046875 0.058203125 0.0580078125
1 0.96640625 0.4109375 0.0390625 0.0388671875
1 0.87265625 0.37265625 0.04140625 0.0326171875
1 0.925 0.37265625 0.0439453125 0.0439453125
1 0.01640625 0.296875 0.0328125 0.034375
1 0.6625 0.52265625 0.0458984375 0.0412109375
1 0.5875 0.47109375 0.0451171875 0.044921875
1 0.47421875 0.45 0.040625 0.03427734375
1 0.4765625 0.5046875 0.04140625 0.04150390625
1 0.3109375 0.41015625 0.04248046875 0.04248046875
1 0.23359375 0.428125 0.0421875 0.0380859375
1 0.15625 0.378125 0.03671875 0.03671875
1 0.978125 0.3703125 0.04375 0.0375
1 0.06875 0.4171875 0.0431640625 0.0431640625
1 0.0171875 0.37265625 0.034375 0.0359375
1 0.55625 0.428125 0.03828125 0.03359375
1 0.5671875 0.37890625 0.03984375 0.03291015625
1 0.5609375 0.3390625 0.034375 0.034375
1 0.609375 0.33984375 0.0365234375 0.037109375
1 0.6140625 0.375 0.0390625 0.03046875
1 0.6125 0.4265625 0.0390625 0.0390625
1 0.665625 0.421875 0.03271484375 0.0330078125
1 0.6515625 0.33203125 0.044140625 0.0392578125
1 0.696875 0.3359375 0.03828125 0.0328125
1 0.7375 0.33203125 0.032421875 0.03203125
1 0.79296875 0.334375 0.039453125 0.03935546875
1 0.778125 0.378125 0.037109375 0.0369140625
1 0.76171875 0.42109375 0.04140625 0.04150390625
1 0.8109375 0.41875 0.034765625 0.0353515625
1 0.84296875 0.33046875 0.0390625 0.0390625
1 0.70859375 0.41640625 0.036328125 0.036328125
0 0.696875 0.375 0.10390625 0.06572265625
1 0.82890625 0.37109375 0.03671875 0.0376953125
1 0.85625 0.415625 0.0359375 0.0359375
1 0.89453125 0.33046875 0.03671875 0.03671875
1 0.91171875 0.415625 0.04296875 0.03505859375
0 0.7796875 0.95703125 0.06171875 0.0828125