1 0.665625 0.6359375 0.1015625 0.1015625
1 0.72890625 0.39296875 0.084375 0.07431640625
1 0.47421875 0.47890625 0.07421875 0.0673828125
1 0.859375 0.39609375 0.06953125 0.06875
1 0.24453125 0.4890625 0.075 0.0748046875
1 0.0296875 0.49375 0.059375 0.0625
1 0.3046875 0.23046875 0.07109375 0.053125
1 0.4046875 0.0359375 0.06015625 0.06015625
1 0.7796875 0.15 0.0984375 0.09921875
1 0.9609375 0.1609375 0.078125 0.090625
1 0.05859375 0.7140625 0.089453125 0.08857421875
1 0.11015625 0.6890625 0.0828125 0.0828125
2 0.6328125 0.815625 0.071875 0.135546875
1 0.3859375 0.665625 0.0734375 0.07333984375
1 0.8171875 0.646875 0.0626953125 0.053125