1 0.96171875 0.496875 0.0765625 0.0875
1 0.23984375 0.421875 0.07734375 0.06630859375
1 0.61015625 0.396875 0.0734375 0.06865234375
1 0.84375 0.3859375 0.07109375 0.07099609375
1 0.79921875 0.47890625 0.08203125 0.08203125
1 0.9328125 0.3875 0.08046875 0.0802734375
1 0.70234375 0.60703125 0.0390625 0.10791015625
1 0.3015625 0.2265625 0.07578125 0.06171875
1 0.4046875 0.03359375 0.056640625 0.05654296875
1 0.7796875 0.140625 0.08515625 0.0853515625
1 0.9609375 0.15546875 0.078125 0.0890625
1 0.05859375 0.7109375 0.082421875 0.08232421875
1 0.11015625 0.690625 0.0640625 0.10390625
2 0.63046875 0.80546875 0.0578125 0.14140625
1 0.38359375 0.6640625 0.07421875 0.07412109375
1 0.81640625 0.64296875 0.059765625 0.059765625