1 0.78125 0.15390625 0.1015625 0.1015625
1 0.9640625 0.1703125 0.071875 0.084375
1 0.30625 0.2359375 0.07109375 0.07109375
1 0.83828125 0.3875 0.077734375 0.07763671875
1 0.40703125 0.03984375 0.0484375 0.0796875
1 0.14921875 0.428125 0.07890625 0.06875
1 0.62578125 0.4875 0.070703125 0.071484375
1 0.43984375 0.49296875 0.0671875 0.0673828125
1 0.1609375 0.503125 0.07421875 0.0677734375
1 0.81875 0.65390625 0.0640625 0.06484375
1 0.38828125 0.671875 0.073828125 0.07265625
1 0.11171875 0.69296875 0.087109375 0.0873046875
1 0.0640625 0.71640625 0.094921875 0.0951171875
2 0.63515625 0.8125 0.06953125 0.1380859375