0 0.965625 0.32890625 0.05625 0.04140625
1 0.96796875 0.4109375 0.0390625 0.03359375
1 0.87265625 0.371875 0.0390625 0.028125
1 0.925 0.371875 0.04375 0.028125
1 0.9484375 0.47890625 0.034375 0.03046875
1 0.84140625 0.490625 0.0453125 0.0359375
1 0.7078125 0.5359375 0.03984375 0.03359375
1 0.73125 0.48203125 0.04375 0.03046875
1 0.3125 0.65078125 0.02421875 0.065625
1 0.54375 0.46953125 0.04375 0.03359375
1 0.37578125 0.47265625 0.04375 0.04296875
1 0.278125 0.29609375 0.040625 0.0359375
1 0.5 0.29140625 0.040625 0.03359375
1 0.89375 0.27890625 0.046875 0.04140625
1 0.10390625 0.415625 0.0421875 0.03046875
1 0.053125 0.37109375 0.05 0.0390625
1 0.97890625 0.37109375 0.0390625 0.03046875
1 0.55625 0.428125 0.034375 0.028125
1 0.56640625 0.37890625 0.0375 0.03046875
1 0.5609375 0.3390625 0.034375 0.028125
1 0.60859375 0.3390625 0.0390625 0.028125
1 0.61328125 0.375 0.0390625 0.028125
1 0.6125 0.425 0.040625 0.028125
1 0.66484375 0.42109375 0.0359375 0.025
1 0.6515625 0.33203125 0.0390625 0.03046875
1 0.696875 0.334375 0.034375 0.025
1 0.7375 0.33203125 0.0328125 0.025
1 0.79296875 0.33359375 0.0390625 0.03359375
1 0.778125 0.378125 0.0390625 0.02890625
1 0.7609375 0.42109375 0.0390625 0.03046875
1 0.8109375 0.41796875 0.0390625 0.03046875
1 0.84296875 0.33046875 0.0375 0.028125
1 0.70859375 0.41640625 0.0359375 0.028125
0 0.696875 0.375 0.09921875 0.04453125
1 0.82890625 0.371875 0.0390625 0.02890625
1 0.85625 0.415625 0.040625 0.028125
1 0.89453125 0.32890625 0.0375 0.03046875
1 0.91171875 0.415625 0.040625 0.03046875
0 0.7796875 0.95703125 0.053125 0.078125