0 0.96328125 0.33046875 0.058203125 0.0580078125
1 0.96640625 0.41171875 0.042578125 0.0423828125
1 0.87265625 0.371875 0.040234375 0.040234375
1 0.925 0.371875 0.04375 0.04375
1 0.9828125 0.52109375 0.033984375 0.0333984375
1 0.184375 0.29765625 0.0466796875 0.03505859375
1 0.540625 0.51484375 0.04521484375 0.03896484375
1 0.484375 0.453125 0.0408203125 0.038671875
1 0.37265625 0.41953125 0.040625 0.03291015625
1 0.36171875 0.46796875 0.033984375 0.0341796875
1 0.190625 0.3828125 0.0427734375 0.0353515625
1 0.13125 0.41640625 0.04189453125 0.04189453125
1 0.03203125 0.371875 0.0421875 0.0328125
1 0.97890625 0.37109375 0.03984375 0.04072265625
1 0.55625 0.428125 0.03203125 0.03203125
1 0.5671875 0.37890625 0.037109375 0.03642578125
1 0.5609375 0.33984375 0.0365234375 0.036328125
1 0.609375 0.33984375 0.0349609375 0.034765625
1 0.6140625 0.37578125 0.0404296875 0.0400390625
1 0.6125 0.42734375 0.037109375 0.037109375
1 0.665625 0.421875 0.03505859375 0.0353515625
1 0.6515625 0.33203125 0.0416015625 0.04189453125
1 0.696875 0.3359375 0.034375 0.025
1 0.7375 0.33203125 0.032421875 0.03203125
1 0.79296875 0.334375 0.041015625 0.04013671875
1 0.778125 0.378125 0.037890625 0.0359375
1 0.76171875 0.42109375 0.040625 0.0408203125
1 0.8109375 0.41796875 0.044921875 0.0384765625
1 0.84296875 0.33046875 0.04140625 0.03671875
1 0.70859375 0.41640625 0.040625 0.0359375
0 0.696875 0.375 0.08203125 0.0822265625
1 0.82890625 0.371875 0.04296875 0.0376953125
1 0.85625 0.415625 0.04375 0.0328125
1 0.89453125 0.33125 0.040625 0.03291015625
1 0.91171875 0.415625 0.0453125 0.04052734375
0 0.7796875 0.95703125 0.071875 0.0859375