1 0.965625 0.475 0.05703125 0.05703125
1 0.7609375 0.40546875 0.0671875 0.06796875
1 0.8765625 0.3984375 0.07890625 0.0787109375
1 0.67265625 0.48203125 0.07578125 0.07587890625
1 0.96953125 0.38984375 0.0609375 0.0640625
1 0.3078125 0.2375 0.07265625 0.053125
1 0.4078125 0.04296875 0.062109375 0.0615234375
1 0.7765625 0.15859375 0.07109375 0.1265625
1 0.96171875 0.165625 0.02890625 0.1310546875
1 0.06953125 0.7125 0.090234375 0.0892578125
1 0.11875 0.69140625 0.08515625 0.08515625
2 0.634375 0.8 0.09921875 0.099609375
1 0.38515625 0.6640625 0.071484375 0.07138671875
1 0.81640625 0.64296875 0.063671875 0.063671875