1 0.79375 0.146875 0.103125 0.103125
1 0.96953125 0.1609375 0.0609375 0.084375
1 0.303125 0.228125 0.0625 0.06240234375
1 0.453125 0.2625 0.0890625 0.08916015625
1 0.4078125 0.0328125 0.04375 0.065625
1 0.95703125 0.471875 0.07265625 0.0515625
2 0.73046875 0.4890625 0.10859375 0.08212890625
1 0.8296875 0.6609375 0.0671875 0.0671875
1 0.38515625 0.678125 0.066796875 0.065625
1 0.09921875 0.703125 0.0921875 0.0919921875
1 0.05078125 0.71875 0.1015625 0.10625
2 0.64140625 0.821875 0.04453125 0.1384765625