1 0.93046875 0.475 0.065234375 0.065234375
1 0.76328125 0.40546875 0.07734375 0.06796875
1 0.88203125 0.3984375 0.08515625 0.0748046875
1 0.6296875 0.484375 0.07421875 0.07333984375
1 0.97109375 0.390625 0.0578125 0.0625
1 0.3078125 0.2375 0.0734375 0.05546875
1 0.4078125 0.04296875 0.0328125 0.07978515625
1 0.7765625 0.15859375 0.0765625 0.12578125
1 0.95625 0.16484375 0.0875 0.0953125
1 0.06953125 0.7125 0.094921875 0.09482421875
1 0.11875 0.69140625 0.07890625 0.07890625
2 0.63359375 0.8 0.09921875 0.0994140625
1 0.38515625 0.6640625 0.069140625 0.06826171875
1 0.81640625 0.64296875 0.066015625 0.066015625