1 0.740625 0.58359375 0.08125 0.0859375
1 0.82734375 0.45859375 0.07421875 0.06650390625
1 0.55390625 0.39296875 0.071484375 0.071484375
1 0.45390625 0.4734375 0.06953125 0.0685546875
1 0.4484375 0.03359375 0.057421875 0.0564453125
1 0.41640625 0.2515625 0.079296875 0.0787109375
1 0.70625 0.390625 0.071875 0.0716796875
1 0.859375 0.3859375 0.075 0.075
1 0.30234375 0.21796875 0.065625 0.065625
1 0.40234375 0.03203125 0.0453125 0.0640625
1 0.78125 0.14140625 0.05859375 0.125
1 0.9765625 0.15546875 0.04375 0.13369140625
1 0.0546875 0.7125 0.09453125 0.0943359375
1 0.10625 0.6890625 0.0578125 0.10390625
2 0.63125 0.8109375 0.09765625 0.097265625
1 0.384375 0.665625 0.0640625 0.0638671875
1 0.81640625 0.64296875 0.066015625 0.066015625