1 0.94921875 0.50390625 0.075 0.075
1 0.021875 0.42734375 0.04375 0.0515625
1 0.309375 0.42109375 0.0708984375 0.07001953125
1 0.6546875 0.396875 0.06796875 0.0677734375
1 0.86484375 0.384375 0.066015625 0.06591796875
1 0.75078125 0.48046875 0.08125 0.06640625
1 0.95625 0.384375 0.0796875 0.0794921875
1 0.69609375 0.6265625 0.06171875 0.1099609375
1 0.3015625 0.225 0.0640625 0.0640625
1 0.4046875 0.03359375 0.046875 0.0669921875
1 0.7796875 0.1390625 0.1 0.1
1 0.96796875 0.1546875 0.0640625 0.128125
1 0.0578125 0.7109375 0.078125 0.1091796875
1 0.11015625 0.6890625 0.08125 0.08125
2 0.63046875 0.80546875 0.105859375 0.105859375
1 0.3828125 0.6640625 0.075 0.07490234375
1 0.81640625 0.64296875 0.056640625 0.056640625