0 0.965625 0.32890625 0.056640625 0.05654296875
1 0.96796875 0.4109375 0.043359375 0.0439453125
1 0.8734375 0.371875 0.042578125 0.03203125
1 0.925 0.37265625 0.04248046875 0.04248046875
1 0.88359375 0.48046875 0.035546875 0.035546875
1 0.77734375 0.5 0.039453125 0.0400390625
1 0.6796875 0.48359375 0.0400390625 0.0396484375
1 0.309375 0.5859375 0.0376953125 0.06728515625
1 0.4859375 0.45390625 0.0498046875 0.03837890625
1 0.32265625 0.45 0.04921875 0.0427734375
1 0.36171875 0.29296875 0.04453125 0.04453125
1 0.5890625 0.290625 0.04443359375 0.04453125
1 0.97421875 0.27734375 0.0515625 0.0484375
1 0.05625 0.41484375 0.04189453125 0.04091796875
1 0.97890625 0.37109375 0.040625 0.0408203125
1 0.55625 0.4265625 0.0326171875 0.0328125
1 0.56640625 0.37890625 0.037890625 0.03798828125
1 0.5609375 0.3390625 0.03203125 0.03203125
1 0.609375 0.33984375 0.0416015625 0.03515625
1 0.6140625 0.37578125 0.0380859375 0.0376953125
1 0.6125 0.425 0.04375 0.03359375
1 0.6640625 0.42109375 0.03671875 0.03671875
1 0.6515625 0.33203125 0.044140625 0.0392578125
1 0.696875 0.334375 0.03125 0.03125
1 0.7375 0.33203125 0.0337890625 0.03359375
1 0.79296875 0.33359375 0.040625 0.0345703125
1 0.778125 0.378125 0.0337890625 0.03203125
1 0.7609375 0.42109375 0.0390625 0.0404296875
1 0.81015625 0.41796875 0.0390625 0.0392578125
1 0.84296875 0.33046875 0.03359375 0.03359375
1 0.70859375 0.41640625 0.040625 0.03515625
0 0.696875 0.375 0.10390625 0.05791015625
1 0.82890625 0.371875 0.037890625 0.0388671875
1 0.85625 0.415625 0.04453125 0.0375
1 0.89375 0.32890625 0.040234375 0.03955078125
1 0.91171875 0.415625 0.04140625 0.04052734375
0 0.7796875 0.95703125 0.05859375 0.08125