1 0.79296875 0.146875 0.102734375 0.101953125
1 0.96875 0.1609375 0.0625 0.0875
1 0.30234375 0.225 0.0765625 0.06640625
1 0.40703125 0.03203125 0.046875 0.046875
1 0.4703125 0.340625 0.0875 0.08671875
1 0.02109375 0.4203125 0.0421875 0.053125
1 0.8328125 0.478125 0.07890625 0.0787109375
2 0.60390625 0.49609375 0.10390625 0.06962890625
1 0.8296875 0.6640625 0.059375 0.059375
1 0.3859375 0.678125 0.073046875 0.069921875
1 0.09921875 0.7015625 0.090625 0.0904296875
1 0.04921875 0.7234375 0.08203125 0.125
2 0.64140625 0.8234375 0.092578125 0.09296875