1 0.790625 0.146875 0.0873046875 0.0890625
1 0.96640625 0.16171875 0.0671875 0.0890625
1 0.3015625 0.225 0.07421875 0.059375
1 0.40625 0.03203125 0.04970703125 0.049609375
1 0.553125 0.409375 0.07822265625 0.0779296875
1 0.21875 0.41796875 0.07119140625 0.07109375
1 0.578125 0.48515625 0.07333984375 0.05625
2 0.3515625 0.503125 0.0900390625 0.0900390625
1 0.825 0.6578125 0.0654296875 0.065234375
1 0.38359375 0.671875 0.076171875 0.076171875
1 0.1 0.7015625 0.09140625 0.0923828125
1 0.046875 0.715625 0.0744140625 0.1140625
2 0.6375 0.815625 0.1056640625 0.10546875