1 0.74609375 0.4109375 0.075 0.0751953125
1 0.865625 0.3984375 0.075 0.07412109375
1 0.94140625 0.478125 0.07734375 0.06162109375
1 0.96171875 0.39296875 0.0703125 0.0705078125
1 0.3078125 0.2375 0.06171875 0.06015625
1 0.40859375 0.04453125 0.05859375 0.0587890625
1 0.77578125 0.15859375 0.091796875 0.091796875
1 0.95703125 0.1640625 0.0859375 0.09375
1 0.0703125 0.7125 0.09296875 0.09287109375
1 0.11953125 0.69140625 0.0640625 0.10390625
2 0.634375 0.7984375 0.053125 0.137109375
1 0.3859375 0.6640625 0.06953125 0.0693359375
1 0.81640625 0.64296875 0.065234375 0.065234375