1 0.9421875 0.50859375 0.0859375 0.0859375
1 0.04609375 0.428125 0.070703125 0.071484375
1 0.34140625 0.41796875 0.07890625 0.07119140625
1 0.678125 0.39609375 0.0671875 0.0671875
1 0.8734375 0.38359375 0.07109375 0.06181640625
1 0.721875 0.48203125 0.073828125 0.073828125
1 0.9640625 0.384375 0.07109375 0.0615234375
1 0.69453125 0.640625 0.0578125 0.1107421875
1 0.3015625 0.225 0.06640625 0.06640625
1 0.4046875 0.03359375 0.054296875 0.0541015625
1 0.7796875 0.1390625 0.0953125 0.0953125
1 0.96171875 0.15390625 0.0765625 0.0890625
1 0.0578125 0.7109375 0.071875 0.11162109375
1 0.109375 0.6890625 0.05 0.10234375
2 0.63046875 0.80546875 0.091015625 0.091015625
1 0.3828125 0.6640625 0.06875 0.06865234375
1 0.81640625 0.64296875 0.066015625 0.066015625