1 0.20234375 0.4109375 0.0390625 0.028125
1 0.2421875 0.36796875 0.0421875 0.03046875
1 0.09296875 0.3984375 0.0390625 0.03046875
0 0.56953125 0.27890625 0.0640625 0.0359375
0 0.9671875 0.3265625 0.05625 0.04140625
1 0.07890625 0.35703125 0.040625 0.03046875
1 0.69140625 0.471875 0.0390625 0.03359375
1 0.82421875 0.475 0.0390625 0.03046875
1 0.7359375 0.52578125 0.03515625 0.03203125
1 0.87421875 0.52109375 0.0421875 0.0359375
1 0.5734375 0.46796875 0.03984375 0.0359375
1 0.409375 0.428125 0.03125 0.03046875
0 0.446875 0.48359375 0.06875 0.05
1 0.43984375 0.59296875 0.0359375 0.0640625
1 0.553125 0.41953125 0.034375 0.028125
1 0.56484375 0.371875 0.0375 0.03046875
1 0.55703125 0.33203125 0.0359375 0.028125
1 0.60546875 0.33359375 0.0390625 0.028125
1 0.61015625 0.36796875 0.0390625 0.03046875
1 0.609375 0.41875 0.04140625 0.03203125
1 0.6609375 0.415625 0.0375 0.028125
1 0.64921875 0.3265625 0.0390625 0.03046875
1 0.69453125 0.328125 0.0359375 0.028125
1 0.73515625 0.3265625 0.0328125 0.028125
1 0.05390625 0.2734375 0.0359375 0.0359375
1 0.79140625 0.3296875 0.0390625 0.03203125
1 0.77578125 0.371875 0.0390625 0.03359375
1 0.7578125 0.41796875 0.040625 0.03359375
1 0.80625 0.415625 0.0390625 0.0359375
1 0.840625 0.3265625 0.0375 0.03046875
1 0.70390625 0.41015625 0.0359375 0.02890625
0 0.6953125 0.36953125 0.1 0.04453125
1 0.828125 0.36875 0.0390625 0.02890625
1 0.853125 0.4125 0.03984375 0.028125
1 0.89140625 0.328125 0.0375 0.02890625
1 0.2078125 0.2875 0.04375 0.03046875
1 0.303125 0.43046875 0.040625 0.03359375
1 0.9078125 0.4140625 0.040625 0.03046875
1 0.5625 0.5375 0.040625 0.04140625
0 0.77578125 0.95546875 0.0609375 0.08046875