1 0.70703125 0.559375 0.0515625 0.1140625
1 0.62265625 0.46796875 0.065625 0.05546875
1 0.60546875 0.39296875 0.071875 0.05
1 0.42109375 0.475 0.06875 0.05546875
1 0.45234375 0.2359375 0.0421875 0.121875
1 0.41953125 0.2234375 0.0296875 0.11640625
1 0.825 0.3890625 0.078125 0.05859375
1 0.97734375 0.3875 0.0421875 0.05
1 0.30234375 0.22109375 0.06875 0.046875
1 0.40390625 0.03203125 0.0296875 0.0640625
1 0.7796875 0.14296875 0.05 0.11953125
1 0.97734375 0.15703125 0.028125 0.13046875
1 0.05546875 0.7140625 0.0515625 0.10546875
1 0.10703125 0.6875 0.04375 0.1
2 0.63203125 0.8125 0.0375 0.1359375
1 0.38515625 0.665625 0.0671875 0.05859375
1 0.81640625 0.64296875 0.0609375 0.05