1 0.86875 0.54609375 0.071875 0.071875
1 0.7296875 0.465625 0.075 0.07490234375
1 0.3765625 0.409375 0.08125 0.08115234375
1 0.559375 0.396875 0.07890625 0.05703125
1 0.7375 0.39296875 0.071875 0.0708984375
1 0.8765625 0.38359375 0.06875 0.0595703125
1 0.9765625 0.3703125 0.046875 0.053125
1 0.19921875 0.49609375 0.08203125 0.08203125
1 0.6828125 0.8859375 0.0796875 0.0798828125
1 0.30234375 0.221875 0.07109375 0.07109375
1 0.4015625 0.03203125 0.054296875 0.054296875
1 0.778125 0.13359375 0.10390625 0.10390625
1 0.97109375 0.1515625 0.0390625 0.13193359375
1 0.05234375 0.7125 0.096484375 0.0962890625
1 0.103125 0.6890625 0.07578125 0.07578125
2 0.6296875 0.80703125 0.096484375 0.095703125
1 0.3828125 0.6640625 0.07421875 0.0740234375
1 0.81640625 0.64296875 0.064453125 0.064453125