1 0.71484375 0.571875 0.0578125 0.10546875
1 0.671875 0.465625 0.065625 0.05546875
1 0.58359375 0.39609375 0.071875 0.05
1 0.42265625 0.478125 0.06875 0.05546875
1 0.45546875 0.184375 0.0359375 0.1359375
1 0.41875 0.23046875 0.028125 0.11640625
1 0.7828125 0.390625 0.078125 0.05859375
1 0.96171875 0.3875 0.0734375 0.05
1 0.30234375 0.22109375 0.06875 0.046875
1 0.40390625 0.03203125 0.0296875 0.0640625
1 0.78046875 0.14296875 0.0484375 0.11953125
1 0.97734375 0.15703125 0.028125 0.13046875
1 0.05546875 0.7140625 0.0515625 0.10546875
1 0.10703125 0.6875 0.04375 0.1
2 0.63125 0.8109375 0.0375 0.1390625
1 0.384375 0.665625 0.065625 0.05859375
1 0.81640625 0.64296875 0.0609375 0.05