1 0.12421875 0.403125 0.038671875 0.039453125
1 0.14609375 0.35546875 0.04296875 0.04306640625
1 0.0203125 0.39375 0.040625 0.034375
0 0.7375 0.278125 0.05703125 0.05703125
0 0.971875 0.3265625 0.0552734375 0.0556640625
1 0.01171875 0.3515625 0.0234375 0.028125
1 0.5796875 0.4640625 0.0400390625 0.0388671875
1 0.70625 0.4765625 0.040234375 0.0396484375
1 0.625 0.51875 0.0408203125 0.0408203125
1 0.75625 0.5203125 0.0478515625 0.04765625
1 0.46875 0.44296875 0.04755859375 0.046875
1 0.315625 0.3984375 0.0353515625 0.0349609375
0 0.3671875 0.45859375 0.06962890625 0.06953125
1 0.42421875 0.60703125 0.053125 0.0671875
1 0.553125 0.41953125 0.0369140625 0.03671875
1 0.5640625 0.371875 0.040625 0.04052734375
1 0.5578125 0.33046875 0.03974609375 0.03203125
1 0.60625 0.334375 0.0416015625 0.0345703125
1 0.6109375 0.36875 0.03916015625 0.03916015625
1 0.609375 0.41875 0.0408203125 0.0314453125
1 0.66015625 0.4140625 0.03671875 0.03671875
1 0.64921875 0.3265625 0.039453125 0.0400390625
1 0.69453125 0.328125 0.0359375 0.0359375
1 0.7359375 0.3265625 0.0373046875 0.0375
1 0.203125 0.28125 0.0447265625 0.04375
1 0.790625 0.3296875 0.043359375 0.0392578125
1 0.77578125 0.37265625 0.040625 0.0349609375
1 0.7578125 0.4171875 0.04384765625 0.04375
1 0.80546875 0.41484375 0.041015625 0.041015625
1 0.83984375 0.3265625 0.03515625 0.03505859375
1 0.70390625 0.41015625 0.034375 0.0341796875
0 0.6953125 0.36953125 0.1021484375 0.0708984375
1 0.828125 0.36875 0.040234375 0.0322265625
1 0.853125 0.4125 0.03896484375 0.0390625
1 0.890625 0.32734375 0.035546875 0.0345703125
1 0.3671875 0.28125 0.0466796875 0.0361328125
1 0.2234375 0.4109375 0.0443359375 0.0443359375
1 0.9078125 0.4140625 0.03828125 0.0380859375
1 0.5078125 0.55234375 0.04853515625 0.05166015625
0 0.7765625 0.95625 0.08056640625 0.08056640625