1 0.3625 0.4921875 0.075 0.058203125
1 0.684375 0.41328125 0.069140625 0.06904296875
2 0.1609375 0.50078125 0.1041015625 0.0732421875
1 0.30078125 0.22421875 0.075 0.05859375
1 0.40546875 0.03203125 0.0359375 0.0640625
1 0.7890625 0.14765625 0.0513671875 0.1212890625
1 0.975 0.1625 0.05 0.13125
1 0.046875 0.71484375 0.09375 0.0953125
1 0.10078125 0.7 0.0921875 0.0919921875
2 0.63671875 0.81328125 0.05078125 0.13984375
1 0.3828125 0.66953125 0.07587890625 0.07197265625
1 0.82421875 0.65546875 0.062109375 0.062109375
1 0.4 0.415625 0.0546875 0.05458984375