1 0.96484375 0.496875 0.0671875 0.075
1 0.23984375 0.421875 0.0703125 0.05546875
1 0.61015625 0.396875 0.0640625 0.05546875
1 0.84375 0.3859375 0.065625 0.05546875
1 0.79921875 0.47890625 0.0765625 0.0609375
1 0.9328125 0.3875 0.078125 0.05859375
1 0.70234375 0.60703125 0.0375 0.10859375
1 0.3015625 0.2265625 0.06875 0.046875
1 0.4046875 0.03359375 0.028125 0.06640625
1 0.7796875 0.140625 0.05 0.11953125
1 0.96953125 0.15703125 0.028125 0.13046875
1 0.05859375 0.7109375 0.0515625 0.10546875
1 0.11015625 0.690625 0.04375 0.1
2 0.63046875 0.80546875 0.0375 0.1390625
1 0.38359375 0.6640625 0.065625 0.05859375
1 0.81640625 0.64296875 0.0609375 0.05