1 0.67109375 0.6640625 0.0953125 0.0953125
1 0.725 0.39453125 0.08046875 0.0650390625
1 0.4875 0.47890625 0.071484375 0.0724609375
1 0.853125 0.39609375 0.06875 0.06796875
1 0.27109375 0.4875 0.07421875 0.0732421875
1 0.04921875 0.49296875 0.06796875 0.06796875
1 0.30390625 0.23046875 0.0765625 0.06640625
1 0.4046875 0.0359375 0.059375 0.059375
1 0.7796875 0.1484375 0.0875 0.08759765625
1 0.96328125 0.1609375 0.0734375 0.084375
1 0.0578125 0.7140625 0.07578125 0.1107421875
1 0.11015625 0.6890625 0.08515625 0.08515625
2 0.6328125 0.815625 0.0875 0.0873046875
1 0.3859375 0.665625 0.0625 0.06240234375
1 0.8171875 0.646875 0.067578125 0.06015625