0 0.9671875 0.32890625 0.054296875 0.0541015625
1 0.96875 0.4109375 0.0431640625 0.04287109375
1 0.8734375 0.371875 0.035546875 0.0359375
1 0.925 0.371875 0.0453125 0.03203125
1 0.90859375 0.471875 0.04140625 0.04150390625
1 0.7125 0.52734375 0.03564453125 0.03623046875
1 0.740625 0.475 0.0390625 0.0388671875
1 0.53046875 0.62890625 0.043359375 0.043359375
1 0.63203125 0.48046875 0.0375 0.0376953125
1 0.4796875 0.45546875 0.037109375 0.0375
1 0.415625 0.4765625 0.0423828125 0.0423828125
1 0.28046875 0.440625 0.044140625 0.04404296875
1 0.2984375 0.38984375 0.03818359375 0.0390625
1 0.1375 0.41953125 0.04609375 0.0369140625
1 0.13046875 0.36796875 0.0390625 0.0392578125
1 0.05234375 0.415625 0.05234375 0.03505859375
1 0.8875 0.28046875 0.044140625 0.044140625
1 0.97890625 0.371875 0.034765625 0.03564453125
1 0.55546875 0.4265625 0.030859375 0.031640625
1 0.56640625 0.37890625 0.0390625 0.0322265625
1 0.56015625 0.3390625 0.034765625 0.033984375
1 0.6078125 0.3375 0.03671875 0.0359375
1 0.61328125 0.3734375 0.041796875 0.04169921875
1 0.61171875 0.425 0.040625 0.040625
1 0.6640625 0.42109375 0.0328125 0.0328125
1 0.6515625 0.33203125 0.0443359375 0.03603515625
1 0.696875 0.334375 0.03515625 0.03515625
1 0.7375 0.33046875 0.035546875 0.03203125
1 0.79296875 0.334375 0.041796875 0.04111328125
1 0.778125 0.378125 0.040234375 0.0333984375
1 0.7609375 0.42109375 0.0451171875 0.0384765625
1 0.81015625 0.41796875 0.04140625 0.0416015625
1 0.8421875 0.32890625 0.036328125 0.0357421875
1 0.70859375 0.41640625 0.0390625 0.0328125
0 0.696875 0.375 0.10380859375 0.06650390625
1 0.82890625 0.37109375 0.040625 0.04072265625
1 0.85625 0.415625 0.04453125 0.03515625
1 0.89375 0.32890625 0.04140625 0.03525390625
1 0.91171875 0.415625 0.0375 0.03662109375
0 0.7796875 0.95703125 0.071875 0.071875