0 0.96875 0.328125 0.05859375 0.05869140625
1 0.96953125 0.4109375 0.041015625 0.04091796875
1 0.8734375 0.37109375 0.0369140625 0.03798828125
1 0.19375 0.30859375 0.04765625 0.046484375
1 0.89609375 0.49453125 0.039453125 0.0396484375
1 0.97578125 0.478125 0.0453125 0.0404296875
1 0.7375 0.47890625 0.0439453125 0.04423828125
1 0.57578125 0.475 0.04140625 0.03203125
1 0.9328125 0.37265625 0.0408203125 0.0302734375
1 0.475 0.4484375 0.03828125 0.0380859375
0 0.425 0.490625 0.06328125 0.06328125
1 0.2703125 0.43984375 0.04462890625 0.04453125
1 0.29453125 0.39453125 0.046875 0.0384765625
1 0.16171875 0.41640625 0.04296875 0.0439453125
1 0.178125 0.378125 0.044140625 0.0443359375
1 0.01796875 0.37109375 0.030859375 0.030859375
1 0.0609375 0.415625 0.048046875 0.048046875
1 0.55546875 0.425 0.032421875 0.032421875
1 0.56640625 0.378125 0.04140625 0.04130859375
1 0.559375 0.33984375 0.0396484375 0.03125
1 0.60703125 0.3375 0.038671875 0.039453125
1 0.61328125 0.371875 0.0421875 0.0357421875
1 0.61171875 0.4234375 0.0421875 0.0419921875
1 0.66328125 0.41953125 0.0375 0.0375
1 0.6515625 0.33203125 0.040625 0.0419921875
1 0.696875 0.33359375 0.0359375 0.0359375
1 0.7375 0.33046875 0.028515625 0.028125
1 0.79296875 0.33203125 0.04375 0.03837890625
1 0.778125 0.3765625 0.0353515625 0.03505859375
1 0.759375 0.42109375 0.035546875 0.03642578125
1 0.81015625 0.41640625 0.04296875 0.04306640625
1 0.8421875 0.32890625 0.039453125 0.0396484375
1 0.70859375 0.41640625 0.03984375 0.034375
0 0.696875 0.3734375 0.1037109375 0.0642578125
1 0.82890625 0.37109375 0.03828125 0.0384765625
1 0.85625 0.415625 0.03984375 0.03984375
1 0.89375 0.32890625 0.036328125 0.0365234375
1 0.91171875 0.415625 0.0359375 0.0349609375
0 0.7796875 0.9578125 0.07900390625 0.07900390625