1 0.18125 0.40859375 0.0416015625 0.03671875
1 0.21640625 0.365625 0.041796875 0.0416015625
1 0.07421875 0.39765625 0.04375 0.03818359375
0 0.6109375 0.278125 0.06875 0.044921875
0 0.96796875 0.3265625 0.055078125 0.0544921875
1 0.0578125 0.35703125 0.040234375 0.0404296875
1 0.6625 0.47109375 0.0373046875 0.0380859375
1 0.79453125 0.475 0.04375 0.0388671875
1 0.70703125 0.5234375 0.034765625 0.0353515625
1 0.84375 0.521875 0.0416015625 0.03984375
1 0.5453125 0.465625 0.04765625 0.0451171875
1 0.3859375 0.41953125 0.03212890625 0.03056640625
0 0.4265625 0.4765625 0.0703125 0.05234375
1 0.434375 0.596875 0.059375 0.0591796875
1 0.553125 0.41953125 0.0359375 0.0359375
1 0.56484375 0.371875 0.04140625 0.0365234375
1 0.55703125 0.33203125 0.037109375 0.037109375
1 0.60546875 0.33359375 0.04296875 0.0375
1 0.61015625 0.36796875 0.04140625 0.0416015625
1 0.609375 0.41796875 0.040234375 0.04111328125
1 0.6609375 0.4140625 0.03671875 0.03671875
1 0.64921875 0.3265625 0.041796875 0.04169921875
1 0.69453125 0.328125 0.037890625 0.037890625
1 0.7359375 0.3265625 0.0365234375 0.03671875
1 0.090625 0.2734375 0.0375 0.037890625
1 0.790625 0.3296875 0.040234375 0.0345703125
1 0.77578125 0.37265625 0.04453125 0.0404296875
1 0.7578125 0.41640625 0.0462890625 0.0408203125
1 0.80625 0.415625 0.0439453125 0.0435546875
1 0.840625 0.3265625 0.04140625 0.04130859375
1 0.70390625 0.409375 0.037109375 0.0376953125
0 0.6953125 0.36953125 0.1044921875 0.0607421875
1 0.828125 0.36875 0.0416015625 0.03447265625
1 0.853125 0.4125 0.03984375 0.03984375
1 0.89140625 0.32734375 0.03828125 0.03115234375
1 0.2484375 0.2859375 0.04609375 0.04599609375
1 0.2828125 0.425 0.04453125 0.0443359375
1 0.9078125 0.4140625 0.04296875 0.0341796875
1 0.5453125 0.540625 0.0478515625 0.0478515625
0 0.77578125 0.9546875 0.0765625 0.090625