1 0.765625 0.57890625 0.073046875 0.07392578125
1 0.95078125 0.45546875 0.0734375 0.06572265625
1 0.528125 0.3890625 0.06640625 0.06640625
1 0.525 0.4734375 0.0765625 0.06943359375
1 0.4140625 0.290625 0.065625 0.11103515625
1 0.67265625 0.39140625 0.0828125 0.08291015625
1 0.8 0.3890625 0.07109375 0.07109375
1 0.96796875 0.3828125 0.0640625 0.065625
1 0.30234375 0.21796875 0.06875 0.06875
1 0.403125 0.03203125 0.053515625 0.053515625
1 0.78125 0.14140625 0.09765625 0.09765625
1 0.96484375 0.15390625 0.0703125 0.0890625
1 0.05390625 0.7125 0.08125 0.11162109375
1 0.10546875 0.6890625 0.07890625 0.07890625
2 0.63125 0.809375 0.10390625 0.103515625
1 0.38359375 0.665625 0.068359375 0.0673828125
1 0.81640625 0.64296875 0.059765625 0.059765625