1 0.39140625 0.46640625 0.0390625 0.0330078125
1 0.47421875 0.440625 0.044140625 0.0447265625
1 0.28125 0.4265625 0.043359375 0.0388671875
0 0.1796875 0.3 0.05546875 0.0556640625
0 0.96640625 0.328125 0.0625 0.05244140625
1 0.290625 0.390625 0.04453125 0.0388671875
1 0.19296875 0.3765625 0.033203125 0.0337890625
1 0.09296875 0.403125 0.030859375 0.03173828125
1 0.96328125 0.47109375 0.04140625 0.04150390625
1 0.98046875 0.51796875 0.0390625 0.0390625
1 0.84765625 0.478125 0.039453125 0.04013671875
1 0.640625 0.471875 0.03212890625 0.03193359375
0 0.63984375 0.51796875 0.058203125 0.058203125
1 0.534375 0.56015625 0.0458984375 0.040625
1 0.55390625 0.42109375 0.0375 0.0375
1 0.56484375 0.3734375 0.0359375 0.0357421875
1 0.5578125 0.33359375 0.0337890625 0.03359375
1 0.60546875 0.334375 0.035546875 0.03466796875
1 0.6109375 0.36953125 0.0375 0.03291015625
1 0.61015625 0.41953125 0.038671875 0.03876953125
1 0.6609375 0.415625 0.0359375 0.0359375
1 0.64921875 0.3265625 0.04296875 0.03740234375
1 0.6953125 0.328125 0.031640625 0.031640625
1 0.7359375 0.328125 0.037890625 0.03359375
1 0.7921875 0.33046875 0.044921875 0.0392578125
1 0.77578125 0.371875 0.043359375 0.04326171875
1 0.7578125 0.41796875 0.044140625 0.0443359375
1 0.80703125 0.415625 0.037890625 0.038671875
1 0.84140625 0.3265625 0.0421875 0.03740234375
1 0.70390625 0.409375 0.037890625 0.037109375
0 0.6953125 0.37109375 0.080859375 0.08076171875
1 0.828125 0.36875 0.033984375 0.0337890625
1 0.85390625 0.4140625 0.038671875 0.038671875
1 0.8921875 0.328125 0.0375 0.028125
1 0.4875 0.49453125 0.04248046875 0.04267578125
1 0.90859375 0.4140625 0.0421875 0.04208984375
1 0.778125 0.5265625 0.0470703125 0.0470703125
0 0.7765625 0.95546875 0.083203125 0.0833984375