1 0.965625 0.475 0.05703125 0.05703125
1 0.7609375 0.40546875 0.07109375 0.07109375
1 0.8765625 0.3984375 0.07734375 0.07724609375
1 0.67265625 0.48203125 0.07265625 0.07275390625
1 0.97265625 0.39140625 0.0546875 0.0671875
1 0.3078125 0.2375 0.06953125 0.0484375
1 0.4078125 0.04296875 0.063671875 0.06298828125
1 0.7765625 0.15859375 0.09765625 0.09765625
1 0.95703125 0.1640625 0.0859375 0.09375
1 0.06953125 0.7125 0.080859375 0.07998046875
1 0.11875 0.69140625 0.0703125 0.10234375
2 0.634375 0.8 0.04296875 0.138671875
1 0.38515625 0.6640625 0.069140625 0.0681640625
1 0.81640625 0.64296875 0.055078125 0.055078125