1 0.79375 0.146875 0.0765625 0.12578125
1 0.97265625 0.1609375 0.0546875 0.078125
1 0.303125 0.228125 0.075 0.07490234375
1 0.453125 0.2625 0.08828125 0.08837890625
1 0.40859375 0.03203125 0.051953125 0.051953125
1 0.95703125 0.471875 0.0734375 0.0734375
2 0.73046875 0.4890625 0.08671875 0.0876953125
1 0.8296875 0.6609375 0.0703125 0.0625
1 0.38515625 0.678125 0.07890625 0.0763671875
1 0.09921875 0.703125 0.0890625 0.0888671875
1 0.0484375 0.71953125 0.078125 0.13203125
2 0.64140625 0.821875 0.102734375 0.10234375