1 0.70703125 0.559375 0.06484375 0.117578125
1 0.62265625 0.46796875 0.0734375 0.0658203125
1 0.60546875 0.39296875 0.07109375 0.07109375
1 0.42109375 0.475 0.07109375 0.07099609375
1 0.45234375 0.2359375 0.06171875 0.125
1 0.41953125 0.2234375 0.083984375 0.0833984375
1 0.825 0.3890625 0.07890625 0.0599609375
1 0.97578125 0.3875 0.0484375 0.05625
1 0.30234375 0.22109375 0.06953125 0.06953125
1 0.40390625 0.03203125 0.05625 0.05625
1 0.7796875 0.14296875 0.08359375 0.12099609375
1 0.96484375 0.15546875 0.0703125 0.0890625
1 0.05546875 0.7140625 0.091796875 0.0916015625
1 0.10703125 0.6875 0.0796875 0.0796875
2 0.63203125 0.8125 0.1046875 0.1044921875
1 0.38515625 0.665625 0.064453125 0.0634765625
1 0.81640625 0.64296875 0.06953125 0.0625