1 0.8859375 0.5390625 0.08203125 0.084375
1 0.021875 0.42578125 0.04375 0.0640625
1 0.3421875 0.4140625 0.08203125 0.06484375
1 0.5734375 0.40546875 0.08125 0.06494140625
1 0.8078125 0.390625 0.059375 0.059375
1 0.9390625 0.37890625 0.06796875 0.0611328125
1 0.4921875 0.490625 0.0859375 0.078515625
1 0.684375 0.75546875 0.080859375 0.081640625
1 0.30234375 0.2234375 0.06328125 0.0640625
1 0.403125 0.0328125 0.051171875 0.0515625
1 0.77890625 0.1359375 0.0515625 0.12265625
1 0.9609375 0.15234375 0.078125 0.0921875
1 0.05546875 0.7109375 0.05859375 0.10849609375
1 0.10625 0.6890625 0.08046875 0.08046875
2 0.6296875 0.80546875 0.098828125 0.099609375
1 0.3828125 0.6640625 0.0734375 0.0732421875
1 0.81640625 0.64296875 0.059765625 0.059765625