1 0.6734375 0.78359375 0.08125 0.08203125
1 0.709375 0.40546875 0.079296875 0.0783203125
1 0.52890625 0.478125 0.07578125 0.07021484375
1 0.83671875 0.396875 0.078125 0.0609375
1 0.33515625 0.4859375 0.06796875 0.0677734375
1 0.146875 0.4890625 0.0828125 0.0787109375
1 0.43984375 0.028125 0.042578125 0.0431640625
1 0.30390625 0.22890625 0.0578125 0.0578125
1 0.40390625 0.034375 0.0421875 0.06875
1 0.77890625 0.146875 0.088671875 0.087890625
1 0.9703125 0.16015625 0.059375 0.1296875
1 0.0578125 0.7140625 0.071875 0.11162109375
1 0.11015625 0.6890625 0.07578125 0.07578125
2 0.6328125 0.815625 0.07890625 0.130859375
1 0.3859375 0.665625 0.0734375 0.07333984375
1 0.8171875 0.64609375 0.063671875 0.05546875