1 0.74453125 0.4125 0.079296875 0.07861328125
1 0.86328125 0.3984375 0.0828125 0.07021484375
1 0.97890625 0.4734375 0.0421875 0.046875
1 0.95859375 0.39296875 0.07421875 0.06650390625
1 0.03515625 0.503125 0.0703125 0.075
1 0.30859375 0.2359375 0.0609375 0.0609375
1 0.40859375 0.04453125 0.06953125 0.06962890625
1 0.77578125 0.15703125 0.05078125 0.1208984375
1 0.95703125 0.1640625 0.0859375 0.09375
1 0.0703125 0.7125 0.08359375 0.0833984375
1 0.11953125 0.69140625 0.08046875 0.08046875
2 0.634375 0.7984375 0.0765625 0.130078125
1 0.3859375 0.6640625 0.0625 0.06240234375
1 0.81640625 0.64296875 0.055859375 0.055859375