1 0.78125 0.15390625 0.06484375 0.12578125
1 0.9609375 0.16953125 0.078125 0.0921875
1 0.30625 0.2359375 0.06953125 0.06953125
1 0.83828125 0.3875 0.080859375 0.08154296875
1 0.4078125 0.03984375 0.0638671875 0.06435546875
1 0.14921875 0.428125 0.07734375 0.0640625
1 0.62578125 0.4875 0.073828125 0.073828125
1 0.43984375 0.49296875 0.08046875 0.07275390625
1 0.1609375 0.503125 0.0640625 0.0638671875
1 0.81875 0.65390625 0.0703125 0.06328125
1 0.38828125 0.671875 0.066015625 0.06484375
1 0.11171875 0.69296875 0.085546875 0.08564453125
1 0.0640625 0.71640625 0.0734375 0.11259765625
2 0.63515625 0.8125 0.07734375 0.1341796875