1 0.4734375 0.4875 0.06875 0.046875
1 0.84140625 0.39453125 0.06875 0.053125
1 0.9609375 0.39140625 0.075 0.0609375
1 0.13125 0.49609375 0.071875 0.05546875
1 0.30703125 0.234375 0.06875 0.046875
1 0.40703125 0.040625 0.0296875 0.075
1 0.77734375 0.15703125 0.0484375 0.11953125
1 0.96328125 0.1640625 0.028125 0.13359375
1 0.0671875 0.7109375 0.046875 0.10546875
1 0.1171875 0.69140625 0.04375 0.1
2 0.63359375 0.8 0.0375 0.1390625
1 0.38515625 0.6640625 0.0609375 0.05859375
1 0.81640625 0.64296875 0.0609375 0.05