1 0.94765625 0.47890625 0.053125 0.05224609375
1 0.79921875 0.47890625 0.08046875 0.0529296875
1 0.440625 0.12109375 0.07578125 0.0767578125
1 0.30625 0.2375 0.075 0.06328125
1 0.40859375 0.03984375 0.0453125 0.0796875
1 0.784375 0.153125 0.08046875 0.12421875
1 0.9640625 0.16171875 0.071875 0.0890625
1 0.06484375 0.71640625 0.0875 0.0884765625
1 0.11640625 0.6984375 0.0875 0.0875
2 0.63671875 0.82109375 0.06015625 0.1375
1 0.384375 0.66953125 0.0734375 0.06728515625
1 0.82265625 0.653125 0.066796875 0.066796875