1 0.97265625 0.15390625 0.028125 0.13046875
1 0.30234375 0.225 0.06875 0.05
1 0.403125 0.0328125 0.0296875 0.065625
1 0.95546875 0.37890625 0.0671875 0.05859375
1 0.83125 0.390625 0.065625 0.05546875
1 0.62734375 0.403125 0.0765625 0.05546875
1 0.41171875 0.409375 0.075 0.05
1 0.115625 0.425 0.078125 0.05859375
1 0.9484375 0.4625 0.065625 0.05859375
1 0.434375 0.49296875 0.075 0.0609375
1 0.87890625 0.546875 0.0703125 0.071875
1 0.81640625 0.64296875 0.0609375 0.053125
1 0.3828125 0.6640625 0.065625 0.0609375
1 0.10546875 0.690625 0.04375 0.1
1 0.0546875 0.7125 0.05 0.10859375
1 0.68359375 0.79140625 0.0359375 0.1109375
2 0.63359375 0.80546875 0.0390625 0.1390625
1 0.78046875 0.1375 0.0484375 0.121875