1 0.8609375 0.5484375 0.06875 0.06953125
1 0.4421875 0.09140625 0.0296875 0.10859375
1 0.615625 0.4734375 0.065625 0.05859375
1 0.503125 0.403125 0.078125 0.05859375
1 0.640625 0.39609375 0.075 0.05
1 0.778125 0.39296875 0.0765625 0.05546875
1 0.90546875 0.38359375 0.065625 0.05546875
1 0.04296875 0.496875 0.0765625 0.0609375
1 0.6828125 0.95390625 0.034375 0.0859375
1 0.30234375 0.221875 0.06875 0.05
1 0.4015625 0.03203125 0.028125 0.0640625
1 0.77890625 0.134375 0.0484375 0.11953125
1 0.97265625 0.1515625 0.028125 0.13046875
1 0.0515625 0.7125 0.05 0.10859375
1 0.10234375 0.6890625 0.04375 0.1
2 0.6296875 0.80703125 0.0375 0.1359375
1 0.3828125 0.6640625 0.065625 0.05859375
1 0.81640625 0.64296875 0.0609375 0.05