1 0.053125 0.4265625 0.06875 0.053125
1 0.40859375 0.375 0.053125 0.11640625
1 0.228125 0.4984375 0.0734375 0.05
1 0.06015625 0.50703125 0.0765625 0.05859375
1 0.30625 0.2359375 0.06875 0.05
1 0.409375 0.03984375 0.0296875 0.07890625
1 0.78203125 0.153125 0.0484375 0.121875
1 0.9734375 0.1625 0.028125 0.13046875
1 0.06171875 0.715625 0.0515625 0.10859375
1 0.11328125 0.696875 0.04375 0.10859375
2 0.634375 0.81796875 0.0375 0.1359375
1 0.38515625 0.66640625 0.0671875 0.05859375
1 0.81953125 0.6515625 0.0609375 0.05