1 0.19765625 0.4265625 0.0703125 0.053125
1 0.5640625 0.4875 0.06875 0.05
1 0.3875 0.496875 0.0734375 0.05859375
1 0.87109375 0.3875 0.075 0.05859375
1 0.109375 0.5 0.0640625 0.053125
1 0.30625 0.234375 0.06875 0.046875
1 0.40859375 0.03984375 0.0296875 0.07890625
1 0.78125 0.15390625 0.05 0.11953125
1 0.971875 0.1625 0.028125 0.13046875
1 0.06015625 0.715625 0.0515625 0.10859375
1 0.11171875 0.69296875 0.04375 0.10546875
2 0.634375 0.81640625 0.0375 0.1390625
1 0.38515625 0.66640625 0.0671875 0.05859375
1 0.81875 0.6515625 0.0609375 0.05