0 0.965625 0.32890625 0.058984375 0.05888671875
1 0.96796875 0.4109375 0.0453125 0.04208984375
1 0.87265625 0.371875 0.033203125 0.033984375
1 0.925 0.371875 0.04453125 0.03046875
1 0.9484375 0.47890625 0.03984375 0.03681640625
1 0.84140625 0.490625 0.048828125 0.0478515625
1 0.7078125 0.5359375 0.0396484375 0.0396484375
1 0.73125 0.48203125 0.0453125 0.03212890625
1 0.3125 0.65078125 0.05302734375 0.05390625
1 0.54375 0.46953125 0.0484375 0.0423828125
1 0.37578125 0.47265625 0.049609375 0.0498046875
1 0.278125 0.29609375 0.040234375 0.041015625
1 0.5 0.29140625 0.040625 0.03291015625
1 0.89375 0.27890625 0.0546875 0.0513671875
1 0.10390625 0.415625 0.046875 0.0404296875
1 0.053125 0.37109375 0.053515625 0.053515625
1 0.97890625 0.37109375 0.03671875 0.03759765625
1 0.55625 0.428125 0.0375 0.0375
1 0.56640625 0.37890625 0.0375 0.02978515625
1 0.5609375 0.3390625 0.0390625 0.03515625
1 0.60859375 0.3390625 0.04296875 0.034375
1 0.61328125 0.375 0.037890625 0.037890625
1 0.6125 0.425 0.03984375 0.03984375
1 0.66484375 0.42109375 0.034765625 0.034765625
1 0.6515625 0.33203125 0.03671875 0.0380859375
1 0.696875 0.334375 0.03671875 0.03671875
1 0.7375 0.33203125 0.034765625 0.0296875
1 0.79296875 0.33359375 0.04453125 0.03994140625
1 0.778125 0.378125 0.038671875 0.0384765625
1 0.7609375 0.42109375 0.04140625 0.0419921875
1 0.8109375 0.41796875 0.0353515625 0.03642578125
1 0.84296875 0.33046875 0.03828125 0.03828125
1 0.70859375 0.41640625 0.036328125 0.036328125
0 0.696875 0.375 0.08037109375 0.08056640625
1 0.82890625 0.371875 0.04296875 0.03681640625
1 0.85625 0.415625 0.0359375 0.0359375
1 0.89453125 0.32890625 0.033203125 0.03330078125
1 0.91171875 0.415625 0.0421875 0.0412109375
0 0.7796875 0.95703125 0.07890625 0.07890625