1 0.96953125 0.4828125 0.0609375 0.05625
1 0.83203125 0.478125 0.072265625 0.0724609375
1 0.440625 0.140625 0.06171875 0.11728515625
1 0.30625 0.2375 0.075 0.0578125
1 0.409375 0.03984375 0.0666015625 0.06669921875
1 0.784375 0.153125 0.07578125 0.12578125
1 0.96328125 0.1609375 0.0734375 0.090625
1 0.06484375 0.71640625 0.09375 0.09384765625
1 0.115625 0.6984375 0.06875 0.10625
2 0.63671875 0.82109375 0.100390625 0.100390625
1 0.384375 0.66953125 0.073046875 0.0732421875
1 0.82265625 0.653125 0.062890625 0.063671875