1 0.93046875 0.475 0.065234375 0.065234375
1 0.76328125 0.40546875 0.07265625 0.07265625
1 0.88203125 0.3984375 0.08125 0.06787109375
1 0.6296875 0.484375 0.07265625 0.05771484375
1 0.971875 0.38984375 0.05625 0.0578125
1 0.3078125 0.2375 0.06953125 0.06953125
1 0.4078125 0.04296875 0.03359375 0.08056640625
1 0.7765625 0.15859375 0.0609375 0.125
1 0.96171875 0.165625 0.0359375 0.1318359375
1 0.06953125 0.7125 0.094140625 0.0939453125
1 0.11875 0.69140625 0.071875 0.071875
2 0.63359375 0.8 0.09375 0.094140625
1 0.38515625 0.6640625 0.06171875 0.06005859375
1 0.81640625 0.64296875 0.066015625 0.066015625