1 0.3625 0.4921875 0.05859375 0.060546875
1 0.684375 0.41328125 0.066796875 0.0673828125
2 0.1609375 0.50078125 0.1048828125 0.0794921875
1 0.30078125 0.22421875 0.063671875 0.063671875
1 0.40625 0.03203125 0.0552734375 0.055078125
1 0.7890625 0.14765625 0.10107421875 0.10205078125
1 0.96875 0.16171875 0.0625 0.0828125
1 0.046875 0.715625 0.0556640625 0.1109375
1 0.10078125 0.7 0.059375 0.116015625
2 0.63671875 0.81328125 0.05390625 0.13984375
1 0.3828125 0.66953125 0.07431640625 0.06884765625
1 0.82421875 0.65546875 0.06796875 0.059375
1 0.4 0.415625 0.06328125 0.0630859375