1 0.9265625 0.51640625 0.08515625 0.08515625
1 0.128125 0.425 0.075 0.075
1 0.40546875 0.415625 0.0796875 0.07099609375
1 0.725 0.39453125 0.075 0.06884765625
1 0.8890625 0.38203125 0.072265625 0.0724609375
1 0.6640625 0.48359375 0.071484375 0.071484375
1 0.97109375 0.38359375 0.0578125 0.0578125
1 0.6921875 0.66953125 0.083203125 0.083203125
1 0.3015625 0.225 0.06875 0.06875
1 0.40390625 0.03359375 0.055859375 0.0556640625
1 0.7796875 0.1390625 0.1 0.1
1 0.96953125 0.15546875 0.03203125 0.13369140625
1 0.05703125 0.7109375 0.094140625 0.09404296875
1 0.10859375 0.6890625 0.065625 0.10390625
2 0.63046875 0.80546875 0.104296875 0.104296875
1 0.3828125 0.6640625 0.0734375 0.0732421875
1 0.81640625 0.64296875 0.066015625 0.066015625