1 0.68046875 0.5984375 0.076953125 0.07685546875
1 0.55078125 0.40859375 0.076171875 0.076171875
1 0.7640625 0.396875 0.069140625 0.0685546875
1 0.5703125 0.47890625 0.0810546875 0.07275390625
1 0.95234375 0.390625 0.060546875 0.059765625
1 0.309375 0.23359375 0.065625 0.065625
1 0.4109375 0.04453125 0.04296875 0.0853515625
1 0.778125 0.153125 0.0984375 0.0984375
1 0.96328125 0.16484375 0.0734375 0.0796875
1 0.0703125 0.7125 0.0703125 0.11318359375
1 0.11953125 0.69140625 0.07421875 0.07421875
2 0.63515625 0.796875 0.0875 0.0876953125
1 0.38671875 0.6640625 0.0671875 0.0677734375
1 0.81640625 0.64296875 0.064453125 0.064453125