0 0.96875 0.328125 0.05625 0.04140625
1 0.96953125 0.4109375 0.0390625 0.03359375
1 0.8734375 0.37109375 0.0390625 0.03046875
1 0.19375 0.30859375 0.0453125 0.0359375
1 0.89609375 0.49453125 0.034375 0.03359375
1 0.97578125 0.478125 0.040625 0.03046875
1 0.7375 0.47890625 0.0421875 0.03046875
1 0.57578125 0.475 0.0390625 0.028125
1 0.9328125 0.37265625 0.04140625 0.02890625
1 0.475 0.4484375 0.0375 0.03046875
0 0.425 0.490625 0.065625 0.046875
1 0.2703125 0.43984375 0.04140625 0.034375
1 0.29453125 0.39453125 0.0421875 0.03046875
1 0.16171875 0.41640625 0.0421875 0.03359375
1 0.178125 0.378125 0.0421875 0.03046875
1 0.01796875 0.37109375 0.0328125 0.025
1 0.0609375 0.415625 0.0453125 0.0359375
1 0.55546875 0.425 0.0328125 0.028125
1 0.56640625 0.378125 0.0375 0.03046875
1 0.559375 0.33984375 0.0359375 0.0265625
1 0.60703125 0.3375 0.0390625 0.028125
1 0.61328125 0.371875 0.0390625 0.03046875
1 0.61171875 0.4234375 0.040625 0.03046875
1 0.66328125 0.41953125 0.0375 0.028125
1 0.6515625 0.33203125 0.0390625 0.03046875
1 0.696875 0.33359375 0.034375 0.025
1 0.7375 0.33046875 0.0328125 0.025
1 0.79296875 0.33203125 0.0390625 0.03046875
1 0.778125 0.3765625 0.0390625 0.03046875
1 0.759375 0.42109375 0.040625 0.03046875
1 0.81015625 0.41640625 0.0390625 0.03359375
1 0.8421875 0.32890625 0.0375 0.03046875
1 0.70859375 0.41640625 0.0359375 0.028125
0 0.696875 0.3734375 0.09921875 0.04453125
1 0.82890625 0.37109375 0.0390625 0.03046875
1 0.85625 0.415625 0.040625 0.028125
1 0.89375 0.32890625 0.0375 0.03046875
1 0.91171875 0.415625 0.040625 0.03046875
0 0.7796875 0.9578125 0.05390625 0.07890625