1 0.74375 0.4125 0.0796875 0.08134765625
1 0.8640625 0.3984375 0.075 0.0748046875
1 0.965625 0.47421875 0.06875 0.0703125
1 0.96015625 0.39296875 0.0765625 0.0697265625
1 0.01875 0.50234375 0.0375 0.0453125
1 0.30859375 0.2375 0.06875 0.046875
1 0.40859375 0.04453125 0.06953125 0.0697265625
1 0.77578125 0.15859375 0.102734375 0.102734375
1 0.95703125 0.1640625 0.0859375 0.09375
1 0.0703125 0.7125 0.09375 0.09365234375
1 0.11953125 0.69140625 0.08203125 0.08203125
2 0.634375 0.7984375 0.05078125 0.1369140625
1 0.3859375 0.6640625 0.07109375 0.0708984375
1 0.81640625 0.64296875 0.066015625 0.066015625