1 0.77890625 0.146875 0.0484375 0.121875
1 0.971875 0.1609375 0.03125 0.13359375
1 0.303125 0.23359375 0.06875 0.0609375
1 0.4046875 0.0359375 0.0328125 0.071875
1 0.8203125 0.3984375 0.071875 0.05
1 0.6921875 0.42890625 0.06875 0.09140625
1 0.240625 0.46953125 0.071875 0.06953125
1 0.5515625 0.475 0.065625 0.05546875
1 0.3796875 0.484375 0.06875 0.05859375
1 0.81640625 0.65 0.0609375 0.05
1 0.3859375 0.67109375 0.0671875 0.05859375
1 0.109375 0.69140625 0.04375 0.10859375
1 0.05703125 0.715625 0.0515625 0.10859375
2 0.63125 0.80859375 0.0375 0.1390625
1 0.434375 0.09140625 0.03125 0.11953125
1 0.67421875 0.9359375 0.0359375 0.125