1 0.44140625 0.18203125 0.0328125 0.10546875
1 0.571875 0.40546875 0.065625 0.05546875
1 0.6734375 0.43046875 0.075 0.0609375
1 0.79609375 0.4890625 0.05625 0.06640625
1 0.303125 0.228125 0.06875 0.05
1 0.40546875 0.034375 0.028125 0.0640625
1 0.78203125 0.15 0.0484375 0.121875
1 0.9671875 0.1609375 0.028125 0.13359375
1 0.0609375 0.7109375 0.05 0.10546875
1 0.11171875 0.690625 0.04375 0.1
2 0.63125 0.80390625 0.0375 0.1359375
1 0.38359375 0.6640625 0.0640625 0.05859375
1 0.81640625 0.64296875 0.0609375 0.05