1 0.9421875 0.50859375 0.06875 0.075
1 0.04609375 0.428125 0.0734375 0.05
1 0.34140625 0.41796875 0.0703125 0.05546875
1 0.678125 0.39609375 0.065625 0.053125
1 0.8734375 0.38359375 0.065625 0.05546875
1 0.721875 0.48203125 0.075 0.0609375
1 0.9640625 0.384375 0.06875 0.05859375
1 0.69453125 0.640625 0.0359375 0.10859375
1 0.3015625 0.225 0.06875 0.05
1 0.4046875 0.03359375 0.028125 0.06640625
1 0.7796875 0.1390625 0.05 0.121875
1 0.96953125 0.15546875 0.028125 0.13359375
1 0.0578125 0.7109375 0.05 0.10546875
1 0.109375 0.6890625 0.04375 0.1
2 0.63046875 0.80546875 0.0375 0.1390625
1 0.3828125 0.6640625 0.065625 0.05859375
1 0.81640625 0.64296875 0.0609375 0.05