1 0.8828125 0.48203125 0.066796875 0.0568359375
1 0.7296875 0.48046875 0.0685546875 0.0689453125
1 0.4421875 0.0828125 0.0865234375 0.0865234375
1 0.30625 0.23671875 0.0734375 0.05625
1 0.40859375 0.03984375 0.05703125 0.05693359375
1 0.784375 0.153125 0.0951171875 0.0951171875
1 0.97265625 0.1625 0.0546875 0.13125
1 0.065625 0.7171875 0.08681640625 0.08681640625
1 0.11640625 0.69921875 0.080859375 0.08076171875
2 0.63671875 0.82265625 0.03984375 0.1375
1 0.384375 0.66953125 0.07392578125 0.07392578125
1 0.82265625 0.653125 0.066015625 0.066796875