1 0.8453125 0.55859375 0.079296875 0.079296875
1 0.4484375 0.2 0.080859375 0.079296875
1 0.5453125 0.4734375 0.073828125 0.0751953125
1 0.56484375 0.4 0.072265625 0.0728515625
1 0.68203125 0.39609375 0.08046875 0.06484375
1 0.80234375 0.39453125 0.08203125 0.0626953125
1 0.940625 0.38359375 0.072265625 0.0724609375
1 0.30234375 0.22109375 0.075 0.0640625
1 0.40234375 0.03203125 0.05546875 0.05546875
1 0.78046875 0.1375 0.086328125 0.08720703125
1 0.965625 0.1515625 0.06875 0.08125
1 0.05234375 0.7125 0.092578125 0.09326171875
1 0.103125 0.6890625 0.084375 0.084375
2 0.6296875 0.80703125 0.104296875 0.104296875
1 0.3828125 0.6640625 0.07421875 0.06943359375
1 0.81640625 0.64296875 0.06953125 0.0640625