1 0.684375 0.5390625 0.0572265625 0.1099609375
1 0.7078125 0.40078125 0.07890625 0.0796875
1 0.8734375 0.39140625 0.065625 0.0646484375
1 0.48671875 0.48125 0.077734375 0.077734375
1 0.309375 0.2328125 0.06875 0.0689453125
1 0.4109375 0.0453125 0.06259765625 0.06259765625
1 0.778125 0.15078125 0.0919921875 0.0927734375
1 0.9609375 0.1640625 0.078125 0.0875
1 0.0703125 0.71328125 0.0640625 0.11240234375
1 0.11953125 0.69140625 0.0859375 0.0859375
2 0.63515625 0.79765625 0.09375 0.09375
1 0.3859375 0.6640625 0.06796875 0.0677734375
1 0.81640625 0.64296875 0.062109375 0.062109375