1 0.34375 0.41171875 0.081640625 0.0875
1 0.365625 0.49453125 0.0599609375 0.0609375
1 0.2046875 0.5046875 0.07646484375 0.06337890625
1 0.98359375 0.3828125 0.0328125 0.059375
1 0.30625 0.23671875 0.07578125 0.06484375
1 0.40859375 0.03984375 0.0390625 0.0796875
1 0.7828125 0.1546875 0.09833984375 0.09833984375
1 0.9640625 0.1625 0.071875 0.084375
1 0.0609375 0.715625 0.08369140625 0.08369140625
1 0.1125 0.69609375 0.076953125 0.0779296875
2 0.634375 0.81875 0.09609375 0.09609375
1 0.3859375 0.66640625 0.06572265625 0.05791015625
1 0.81875 0.6515625 0.0701171875 0.0609375