1 0.771875 0.57890625 0.073828125 0.07392578125
1 0.9703125 0.45625 0.059375 0.0625
1 0.521875 0.3875 0.0671875 0.0671875
1 0.546875 0.475 0.06484375 0.0646484375
1 0.415625 0.303125 0.0453125 0.1173828125
1 0.665625 0.39140625 0.075390625 0.07470703125
1 0.7859375 0.390625 0.06484375 0.06484375
1 0.95859375 0.3828125 0.0828125 0.075
1 0.30234375 0.21953125 0.06640625 0.06640625
1 0.403125 0.03203125 0.046484375 0.046484375
1 0.78125 0.14140625 0.1 0.1
1 0.96328125 0.15390625 0.0734375 0.0921875
1 0.05390625 0.7125 0.096484375 0.0962890625
1 0.1046875 0.6890625 0.0703125 0.10234375
2 0.63046875 0.809375 0.04453125 0.1388671875
1 0.38359375 0.665625 0.067578125 0.0666015625
1 0.81640625 0.64296875 0.0671875 0.05859375