1 0.7296875 0.421875 0.08203125 0.08125
1 0.85703125 0.3984375 0.0796875 0.0654296875
1 0.95234375 0.39296875 0.07734375 0.07197265625
1 0.15859375 0.49609375 0.07578125 0.06494140625
1 0.30859375 0.234375 0.06796875 0.06796875
1 0.40859375 0.04453125 0.0671875 0.06728515625
1 0.77734375 0.153125 0.1 0.1
1 0.96171875 0.1640625 0.0765625 0.08125
1 0.0703125 0.7125 0.08515625 0.0849609375
1 0.11953125 0.69140625 0.0578125 0.10390625
2 0.634375 0.7984375 0.1046875 0.1048828125
1 0.3859375 0.6640625 0.07109375 0.07099609375
1 0.81640625 0.64296875 0.06953125 0.06328125