1 0.79296875 0.146875 0.0765625 0.125
1 0.971875 0.16171875 0.05625 0.0828125
1 0.30234375 0.225 0.0765625 0.06640625
1 0.40703125 0.03203125 0.0296875 0.0640625
1 0.4703125 0.340625 0.0796875 0.07890625
1 0.02265625 0.41953125 0.0453125 0.0515625
1 0.8328125 0.478125 0.08125 0.0662109375
2 0.60390625 0.49609375 0.09453125 0.0947265625
1 0.8296875 0.6640625 0.05625 0.05625
1 0.3859375 0.678125 0.0697265625 0.0685546875
1 0.09921875 0.7015625 0.07890625 0.07802734375
1 0.04921875 0.7234375 0.08515625 0.1234375
2 0.64140625 0.8234375 0.05 0.137109375