1 0.7296875 0.421875 0.0796875 0.07890625
1 0.85703125 0.3984375 0.08046875 0.07958984375
1 0.95234375 0.39296875 0.071875 0.0720703125
1 0.15859375 0.49609375 0.07578125 0.07587890625
1 0.30859375 0.234375 0.06796875 0.0671875
1 0.40859375 0.04453125 0.06171875 0.06181640625
1 0.77734375 0.153125 0.1015625 0.1015625
1 0.9609375 0.16484375 0.078125 0.0828125
1 0.0703125 0.7125 0.09375 0.09365234375
1 0.11953125 0.69140625 0.07578125 0.07578125
2 0.634375 0.7984375 0.103125 0.1033203125
1 0.3859375 0.6640625 0.07109375 0.07099609375
1 0.81640625 0.64296875 0.055859375 0.055859375