1 0.6734375 0.78359375 0.0875 0.08828125
1 0.709375 0.40546875 0.073828125 0.0736328125
1 0.52890625 0.478125 0.07421875 0.06708984375
1 0.83671875 0.396875 0.0609375 0.06171875
1 0.33515625 0.4859375 0.078125 0.07099609375
1 0.146875 0.4890625 0.0796875 0.0794921875
1 0.43984375 0.028125 0.0359375 0.05625
1 0.30390625 0.22890625 0.065625 0.065625
1 0.4046875 0.034375 0.05234375 0.05390625
1 0.77890625 0.146875 0.078125 0.12421875
1 0.9640625 0.16015625 0.071875 0.0828125
1 0.0578125 0.7140625 0.0890625 0.0888671875
1 0.11015625 0.6890625 0.07890625 0.07890625
2 0.6328125 0.815625 0.06875 0.137109375
1 0.3859375 0.665625 0.06796875 0.06240234375
1 0.8171875 0.64609375 0.068359375 0.06328125