1 0.771875 0.57890625 0.069140625 0.06923828125
1 0.971875 0.45625 0.05625 0.059375
1 0.521875 0.3875 0.075 0.06171875
1 0.546875 0.475 0.0625 0.06240234375
1 0.415625 0.303125 0.0890625 0.08916015625
1 0.665625 0.39140625 0.079296875 0.07939453125
1 0.7859375 0.390625 0.07578125 0.0625
1 0.96015625 0.38359375 0.07578125 0.07587890625
1 0.30234375 0.21953125 0.065625 0.065625
1 0.403125 0.03203125 0.055078125 0.055078125
1 0.78125 0.14140625 0.0890625 0.08828125
1 0.96484375 0.15390625 0.0703125 0.0890625
1 0.05390625 0.7125 0.095703125 0.09638671875
1 0.1046875 0.6890625 0.0859375 0.0859375
2 0.63046875 0.809375 0.096875 0.096484375
1 0.38359375 0.665625 0.073046875 0.0728515625
1 0.81640625 0.64296875 0.06796875 0.059375