0 0.965625 0.32890625 0.052734375 0.0517578125
1 0.96796875 0.4109375 0.044140625 0.04404296875
1 0.8734375 0.371875 0.037109375 0.0375
1 0.925 0.37265625 0.0474609375 0.0404296875
1 0.88359375 0.48046875 0.03671875 0.0328125
1 0.77734375 0.5 0.044921875 0.04560546875
1 0.6796875 0.48359375 0.04326171875 0.04345703125
1 0.309375 0.5859375 0.0470703125 0.04697265625
1 0.4859375 0.45390625 0.046875 0.0474609375
1 0.32265625 0.45 0.04453125 0.0435546875
1 0.36171875 0.29296875 0.04453125 0.04453125
1 0.5890625 0.290625 0.04443359375 0.03984375
1 0.97421875 0.27734375 0.0515625 0.0515625
1 0.05625 0.41484375 0.0462890625 0.0404296875
1 0.978125 0.3703125 0.04375 0.0375
1 0.55625 0.4265625 0.0326171875 0.0328125
1 0.56640625 0.37890625 0.037109375 0.0373046875
1 0.5609375 0.3390625 0.03671875 0.03203125
1 0.609375 0.33984375 0.0373046875 0.037109375
1 0.6140625 0.37578125 0.0380859375 0.0369140625
1 0.6125 0.425 0.0375 0.0375
1 0.6640625 0.42109375 0.03671875 0.03671875
1 0.6515625 0.33203125 0.0416015625 0.04189453125
1 0.696875 0.334375 0.03359375 0.03359375
1 0.7375 0.33203125 0.0337890625 0.03359375
1 0.79296875 0.33359375 0.03671875 0.0369140625
1 0.778125 0.378125 0.0392578125 0.0390625
1 0.7609375 0.42109375 0.03671875 0.0380859375
1 0.81015625 0.41796875 0.03515625 0.0361328125
1 0.84296875 0.33046875 0.0390625 0.0390625
1 0.70859375 0.41640625 0.037890625 0.037890625
0 0.696875 0.375 0.08203125 0.0822265625
1 0.82890625 0.371875 0.034765625 0.03564453125
1 0.85625 0.415625 0.04375 0.0328125
1 0.89375 0.32890625 0.0421875 0.03759765625
1 0.91171875 0.415625 0.0390625 0.0388671875
0 0.7796875 0.95703125 0.06953125 0.0859375