1 0.3296875 0.421875 0.069140625 0.069140625
1 0.4390625 0.22421875 0.096484375 0.0962890625
1 0.30625 0.23671875 0.07578125 0.06484375
1 0.409375 0.03984375 0.06484375 0.0642578125
1 0.7828125 0.153125 0.10224609375 0.10224609375
1 0.96328125 0.16171875 0.0734375 0.0890625
1 0.0625 0.7171875 0.0587890625 0.1095703125
1 0.1140625 0.69765625 0.0453125 0.10771484375
2 0.63515625 0.8203125 0.1046875 0.1046875
1 0.3859375 0.66796875 0.0669921875 0.0662109375
1 0.8203125 0.653125 0.066796875 0.06640625