1 0.77578125 0.1609375 0.101953125 0.101953125
1 0.959375 0.1640625 0.08125 0.084375
1 0.30859375 0.2390625 0.0625 0.0625
1 0.9625 0.39609375 0.075 0.0765625
1 0.86640625 0.4 0.0875 0.077734375
1 0.7484375 0.4109375 0.07890625 0.0791015625
1 0.409375 0.04609375 0.058984375 0.0591796875
1 0.9109375 0.4765625 0.071875 0.0716796875
1 0.8171875 0.6484375 0.06875 0.05791015625
1 0.3890625 0.66796875 0.070703125 0.0689453125
1 0.11953125 0.69296875 0.071875 0.10078125
1 0.0703125 0.7125 0.078125 0.0779296875
2 0.634375 0.7984375 0.09921875 0.099609375