1 0.534375 0.4859375 0.0685546875 0.05
1 0.571875 0.40859375 0.0697265625 0.05634765625
2 0.309375 0.50390625 0.087109375 0.08720703125
1 0.3015625 0.2234375 0.065625 0.065625
1 0.40625 0.03203125 0.053515625 0.053515625
1 0.78984375 0.146875 0.101953125 0.101171875
1 0.965625 0.1609375 0.06875 0.0875
1 0.046875 0.715625 0.06328125 0.1130859375
1 0.1 0.7 0.08828125 0.087890625
2 0.6375 0.8140625 0.0921875 0.0919921875
1 0.3828125 0.67109375 0.07421875 0.06884765625
1 0.825 0.65546875 0.065234375 0.05390625
1 0.25546875 0.4140625 0.0703125 0.0595703125