1 0.665625 0.6359375 0.046875 0.121875
1 0.72890625 0.39296875 0.075 0.05859375
1 0.47421875 0.47890625 0.065625 0.05546875
1 0.859375 0.39609375 0.071875 0.05
1 0.24453125 0.4890625 0.06875 0.05546875
1 0.0296875 0.49453125 0.046875 0.0609375
1 0.3046875 0.23046875 0.06875 0.05
1 0.4046875 0.0359375 0.028125 0.071875
1 0.7796875 0.15 0.05 0.121875
1 0.9703125 0.1625 0.028125 0.13046875
1 0.05859375 0.7140625 0.0515625 0.10546875
1 0.11015625 0.6890625 0.04375 0.1
2 0.6328125 0.815625 0.0375 0.1359375
1 0.3859375 0.665625 0.065625 0.05859375
1 0.8171875 0.646875 0.0609375 0.05