1 0.778125 0.1515625 0.0888671875 0.0890625
1 0.96015625 0.1640625 0.0796875 0.090625
1 0.30859375 0.23359375 0.0703125 0.0703125
1 0.9484375 0.39296875 0.0740234375 0.07392578125
1 0.853125 0.39921875 0.0775390625 0.0765625
1 0.715625 0.434375 0.080859375 0.0810546875
1 0.409375 0.04609375 0.0607421875 0.0615234375
1 0.26875 0.490625 0.07333984375 0.0734375
1 0.8171875 0.64375 0.06943359375 0.0603515625
1 0.3859375 0.66484375 0.0697265625 0.06953125
1 0.11953125 0.69296875 0.07421875 0.07421875
1 0.0703125 0.7125 0.0642578125 0.1138671875
2 0.6359375 0.79921875 0.10009765625 0.1