1 0.19765625 0.4265625 0.063671875 0.064453125
1 0.5640625 0.4875 0.06015625 0.06015625
1 0.3875 0.496875 0.0755859375 0.06083984375
1 0.87109375 0.3875 0.07890625 0.06474609375
1 0.109375 0.5 0.072265625 0.0671875
1 0.30625 0.234375 0.06171875 0.06171875
1 0.40859375 0.03984375 0.0625 0.06240234375
1 0.78125 0.15390625 0.101953125 0.10185546875
1 0.96171875 0.1609375 0.0765625 0.090625
1 0.06015625 0.715625 0.08046875 0.1123046875
1 0.11171875 0.69296875 0.080078125 0.0802734375
2 0.634375 0.81640625 0.095703125 0.096484375
1 0.38515625 0.66640625 0.07265625 0.07353515625
1 0.81875 0.6515625 0.0638671875 0.0640625