1 0.734375 0.52890625 0.037890625 0.03876953125
1 0.92265625 0.46796875 0.04140625 0.04140625
1 0.625 0.51953125 0.028125 0.028125
0 0.9671875 0.328125 0.0625 0.0525390625
1 0.703125 0.4765625 0.0375 0.03583984375
1 0.603125 0.46875 0.0412109375 0.04150390625
1 0.4421875 0.47890625 0.0376953125 0.03798828125
1 0.375 0.42109375 0.0484375 0.04296875
1 0.97265625 0.409375 0.037890625 0.0369140625
1 0.87890625 0.36953125 0.033984375 0.033984375
1 0.51875 0.2875 0.0453125 0.0396484375
1 0.15546875 0.42109375 0.040625 0.04072265625
1 0.2078125 0.37265625 0.0419921875 0.0318359375
1 0.04765625 0.36953125 0.03671875 0.0369140625
1 0.05078125 0.4140625 0.034765625 0.035546875
1 0.5546875 0.421875 0.0375 0.0375
1 0.565625 0.3765625 0.040625 0.03505859375
1 0.55859375 0.3359375 0.033984375 0.033203125
1 0.60625 0.3359375 0.03515625 0.03671875
1 0.6125 0.36953125 0.039453125 0.03955078125
1 0.6109375 0.42109375 0.037109375 0.0380859375
1 0.6625 0.41796875 0.0359375 0.0359375
1 0.65 0.32890625 0.0390625 0.0380859375
1 0.696875 0.33046875 0.03603515625 0.03515625
1 0.73671875 0.32890625 0.030859375 0.030859375
1 0.7921875 0.33046875 0.0421875 0.0427734375
1 0.77734375 0.375 0.037890625 0.0376953125
1 0.75859375 0.41953125 0.0453125 0.0455078125
1 0.80859375 0.4171875 0.042578125 0.043359375
1 0.8421875 0.328125 0.04140625 0.0365234375
1 0.70625 0.4125 0.0326171875 0.0328125
0 0.696875 0.371875 0.0857421875 0.0861328125
1 0.82890625 0.36953125 0.04140625 0.03125
1 0.85625 0.4140625 0.03583984375 0.0359375
1 0.89296875 0.328125 0.0359375 0.03515625
1 0.91015625 0.415625 0.04453125 0.03662109375
0 0.77734375 0.95703125 0.06015625 0.0814453125