1 0.96640625 0.49140625 0.0671875 0.0671875
1 0.203125 0.4234375 0.0751953125 0.07490234375
1 0.5890625 0.39453125 0.070703125 0.07080078125
1 0.8296875 0.3875 0.065625 0.06552734375
1 0.81875 0.478125 0.071875 0.0716796875
1 0.92109375 0.3890625 0.073046875 0.07373046875
1 0.70625 0.596875 0.0853515625 0.08505859375
1 0.30234375 0.2265625 0.06875 0.06875
1 0.4046875 0.03359375 0.046875 0.06708984375
1 0.7796875 0.140625 0.09453125 0.0947265625
1 0.96953125 0.15703125 0.040625 0.13056640625
1 0.05859375 0.7109375 0.06171875 0.11005859375
1 0.11015625 0.690625 0.0859375 0.0859375
2 0.63046875 0.80546875 0.101953125 0.101953125
1 0.38359375 0.6640625 0.07265625 0.07255859375
1 0.81640625 0.64296875 0.0671875 0.0578125