1 0.75078125 0.478125 0.07421875 0.0625
1 0.48984375 0.3765625 0.0734375 0.0880859375
2 0.51796875 0.5 0.092578125 0.09326171875
1 0.30234375 0.225 0.07109375 0.07109375
1 0.40703125 0.03203125 0.0546875 0.0546875
1 0.7921875 0.146875 0.08203125 0.12421875
1 0.96796875 0.16171875 0.0640625 0.0859375
1 0.04765625 0.71328125 0.0953125 0.0953125
1 0.09921875 0.7 0.04765625 0.11083984375
2 0.63828125 0.81640625 0.05078125 0.14140625
1 0.3828125 0.671875 0.071875 0.0716796875
1 0.82578125 0.65703125 0.066015625 0.066015625
1 0.07890625 0.41796875 0.060546875 0.060546875