1 0.86875 0.54609375 0.0734375 0.07421875
1 0.7296875 0.465625 0.07421875 0.07412109375
1 0.3765625 0.409375 0.07578125 0.07568359375
1 0.559375 0.396875 0.06328125 0.06328125
1 0.7375 0.39296875 0.0830078125 0.07275390625
1 0.8765625 0.38359375 0.065234375 0.06611328125
1 0.9765625 0.37109375 0.046875 0.0515625
1 0.19921875 0.49609375 0.08125 0.08125
1 0.6828125 0.8859375 0.05703125 0.1111328125
1 0.30234375 0.221875 0.06953125 0.06953125
1 0.40078125 0.03203125 0.0421875 0.0640625
1 0.778125 0.13359375 0.10390625 0.10390625
1 0.96171875 0.15 0.0765625 0.090625
1 0.05234375 0.7125 0.088671875 0.08935546875
1 0.103125 0.6890625 0.08359375 0.08359375
2 0.6296875 0.80703125 0.104296875 0.104296875
1 0.3828125 0.6640625 0.06953125 0.06943359375
1 0.81640625 0.64296875 0.055078125 0.055078125