1 0.740625 0.58359375 0.07890625 0.07890625
1 0.82734375 0.45859375 0.06640625 0.05556640625
1 0.55390625 0.39296875 0.073046875 0.073046875
1 0.45390625 0.4734375 0.0796875 0.07412109375
1 0.4484375 0.03359375 0.062890625 0.06279296875
1 0.41640625 0.2515625 0.05859375 0.11416015625
1 0.70625 0.390625 0.08203125 0.06552734375
1 0.859375 0.3859375 0.07890625 0.05625
1 0.30234375 0.21796875 0.07578125 0.0609375
1 0.403125 0.03203125 0.049609375 0.049609375
1 0.78125 0.14140625 0.06796875 0.1265625
1 0.9765625 0.15546875 0.0390625 0.13369140625
1 0.0546875 0.7125 0.09375 0.0935546875
1 0.10625 0.6890625 0.0828125 0.0828125
2 0.63125 0.8109375 0.09375 0.0935546875
1 0.384375 0.665625 0.07421875 0.07412109375
1 0.81640625 0.64296875 0.06953125 0.06328125