1 0.44140625 0.18203125 0.075 0.07587890625
1 0.571875 0.40546875 0.075 0.0697265625
1 0.6734375 0.43046875 0.081640625 0.081640625
1 0.79609375 0.4890625 0.07265625 0.0728515625
1 0.303125 0.228125 0.06015625 0.06015625
1 0.40546875 0.034375 0.0484375 0.0494140625
1 0.78203125 0.15 0.100390625 0.099609375
1 0.9609375 0.16015625 0.078125 0.0859375
1 0.0609375 0.7109375 0.078125 0.10927734375
1 0.11171875 0.690625 0.06328125 0.10390625
2 0.63125 0.80390625 0.03984375 0.1359375
1 0.38359375 0.6640625 0.073046875 0.0728515625
1 0.81640625 0.64296875 0.063671875 0.063671875