1 0.68671875 0.73046875 0.08515625 0.08525390625
1 0.03203125 0.4328125 0.0640625 0.06875
1 0.35703125 0.4140625 0.070703125 0.0697265625
1 0.9421875 0.47109375 0.06796875 0.0677734375
1 0.66015625 0.4 0.06796875 0.06708984375
1 0.040625 0.5015625 0.08125 0.075
1 0.3109375 0.2359375 0.0703125 0.0703125
1 0.4109375 0.04296875 0.05 0.0859375
1 0.77734375 0.15859375 0.093359375 0.093359375
1 0.96015625 0.16640625 0.0796875 0.0796875
1 0.0703125 0.7125 0.0765625 0.1107421875
1 0.11953125 0.69140625 0.0734375 0.0734375
2 0.6359375 0.796875 0.096875 0.0970703125
1 0.38671875 0.6640625 0.06796875 0.06865234375
1 0.81640625 0.64296875 0.064453125 0.064453125