1 0.7796875 0.140625 0.05 0.121875
1 0.96953125 0.15546875 0.028125 0.13359375
1 0.30234375 0.2265625 0.06875 0.05
1 0.40546875 0.03359375 0.0296875 0.06640625
1 0.85703125 0.3859375 0.0671875 0.05859375
1 0.9453125 0.3859375 0.078125 0.0609375
1 0.63125 0.4 0.065625 0.05546875
1 0.27734375 0.421875 0.0703125 0.05546875
1 0.77890625 0.48046875 0.0765625 0.0609375
1 0.95703125 0.5015625 0.06875 0.075
1 0.69921875 0.61640625 0.0359375 0.10859375
1 0.81640625 0.64296875 0.0609375 0.053125
1 0.38359375 0.6640625 0.065625 0.0609375
1 0.11015625 0.690625 0.04375 0.1
1 0.0578125 0.7109375 0.05 0.10859375
2 0.634375 0.803125 0.0375 0.1390625