1 0.803125 0.571875 0.06875 0.05859375
1 0.490625 0.37109375 0.065625 0.075
1 0.68671875 0.47109375 0.06875 0.05859375
1 0.42578125 0.36640625 0.0390625 0.11640625
1 0.63671875 0.396875 0.0796875 0.05859375
1 0.7515625 0.39296875 0.0734375 0.05
1 0.88984375 0.390625 0.0765625 0.05546875
1 0.30234375 0.21953125 0.06875 0.05
1 0.40234375 0.03203125 0.0296875 0.0640625
1 0.78203125 0.14140625 0.0484375 0.121875
1 0.97578125 0.15390625 0.028125 0.13046875
1 0.053125 0.7125 0.05 0.10859375
1 0.10390625 0.6890625 0.04375 0.1
2 0.63046875 0.80859375 0.0375 0.1390625
1 0.38359375 0.6640625 0.0671875 0.05859375
1 0.81640625 0.64296875 0.0609375 0.05