1 0.31875 0.38046875 0.0392578125 0.0396484375
1 0.4265625 0.425 0.044921875 0.042578125
1 0.35546875 0.446875 0.035546875 0.0345703125
1 0.4703125 0.4859375 0.04375 0.043359375
1 0.21484375 0.365625 0.04765625 0.04208984375
1 0.696875 0.478125 0.04296875 0.0427734375
1 0.76640625 0.5234375 0.0375 0.0365234375
1 0.08984375 0.35546875 0.03828125 0.0369140625
0 0.15859375 0.40546875 0.06484375 0.06484375
1 0.3875 0.671875 0.05546875 0.05546875
1 0.5515625 0.41796875 0.0345703125 0.034375
1 0.5640625 0.37109375 0.038671875 0.03798828125
1 0.55625 0.3296875 0.0349609375 0.0369140625
1 0.3921875 0.28046875 0.03515625 0.0365234375
1 0.6046875 0.33046875 0.0376953125 0.0298828125
1 0.609375 0.36640625 0.037109375 0.0380859375
1 0.60859375 0.41640625 0.04609375 0.0384765625
1 0.659375 0.4125 0.04296875 0.03896484375
1 0.64921875 0.325 0.040234375 0.0400390625
1 0.69296875 0.3265625 0.0421875 0.03505859375
1 0.734375 0.32578125 0.03720703125 0.03779296875
1 0.5953125 0.2734375 0.04609375 0.0376953125
1 0.78984375 0.328125 0.042578125 0.0423828125
1 0.77578125 0.37109375 0.04296875 0.0369140625
1 0.7578125 0.4171875 0.04384765625 0.04375
1 0.80859375 0.41484375 0.036328125 0.036328125
1 0.8390625 0.3265625 0.03671875 0.03662109375
1 0.70390625 0.40859375 0.0375 0.03759765625
0 0.6953125 0.36796875 0.08623046875 0.08701171875
1 0.846875 0.36640625 0.0369140625 0.0359375
1 0.8671875 0.4109375 0.03984375 0.03984375
1 0.9046875 0.32578125 0.036328125 0.03544921875
1 0.7515625 0.275 0.0421875 0.04052734375
1 0.04375 0.39375 0.0458984375 0.04140625
1 0.96015625 0.4109375 0.04375 0.044140625
1 0.4640625 0.575 0.06171875 0.0619140625
0 0.775 0.95546875 0.080078125 0.08017578125