1 0.77578125 0.1609375 0.0484375 0.121875
1 0.96171875 0.165625 0.028125 0.13046875
1 0.30859375 0.2390625 0.06875 0.05
1 0.96328125 0.396875 0.0671875 0.05859375
1 0.86640625 0.4 0.0765625 0.0609375
1 0.7484375 0.4109375 0.065625 0.06640625
1 0.409375 0.04609375 0.03125 0.08359375
1 0.9109375 0.4765625 0.071875 0.05859375
1 0.8171875 0.6484375 0.0625 0.04453125
1 0.3890625 0.66796875 0.0609375 0.05859375
1 0.11953125 0.69296875 0.04375 0.1
1 0.0703125 0.7125 0.046875 0.10859375
2 0.634375 0.7984375 0.0375 0.1359375