1 0.18125 0.40859375 0.0392578125 0.03828125
1 0.21640625 0.365625 0.041796875 0.04248046875
1 0.07421875 0.396875 0.04140625 0.0328125
0 0.6109375 0.278125 0.0693359375 0.04609375
0 0.96796875 0.3265625 0.049609375 0.0490234375
1 0.0578125 0.35703125 0.04453125 0.03916015625
1 0.6625 0.47109375 0.037890625 0.0388671875
1 0.79453125 0.475 0.038671875 0.0376953125
1 0.70703125 0.5234375 0.040234375 0.0400390625
1 0.84375 0.521875 0.04306640625 0.0421875
1 0.5453125 0.465625 0.0453125 0.044140625
1 0.38515625 0.41953125 0.03671875 0.0369140625
0 0.4265625 0.4765625 0.0671875 0.0671875
1 0.434375 0.596875 0.04609375 0.0662109375
1 0.553125 0.41953125 0.0359375 0.0359375
1 0.56484375 0.371875 0.04140625 0.03662109375
1 0.55703125 0.33203125 0.033984375 0.033984375
1 0.60546875 0.33359375 0.038671875 0.038671875
1 0.61015625 0.36796875 0.03515625 0.0361328125
1 0.609375 0.41875 0.04072265625 0.04072265625
1 0.6609375 0.4140625 0.03984375 0.03125
1 0.64921875 0.3265625 0.036328125 0.03544921875
1 0.69453125 0.328125 0.0390625 0.03359375
1 0.73515625 0.3265625 0.034765625 0.035546875
1 0.090625 0.2734375 0.0421875 0.0361328125
1 0.790625 0.32890625 0.0404296875 0.04033203125
1 0.77578125 0.371875 0.043359375 0.04326171875
1 0.7578125 0.41640625 0.0396484375 0.0388671875
1 0.80625 0.415625 0.0439453125 0.0435546875
1 0.840625 0.3265625 0.03984375 0.03974609375
1 0.70390625 0.409375 0.039453125 0.03935546875
0 0.6953125 0.36953125 0.08310546875 0.08388671875
1 0.828125 0.36796875 0.0396484375 0.03955078125
1 0.853125 0.4125 0.04453125 0.03671875
1 0.89140625 0.3265625 0.0359375 0.0357421875
1 0.2484375 0.2859375 0.040625 0.03974609375
1 0.2828125 0.425 0.04609375 0.0412109375
1 0.9078125 0.4140625 0.0390625 0.0388671875
1 0.54453125 0.540625 0.05 0.04931640625
0 0.7765625 0.95546875 0.08173828125 0.08251953125