1 0.684375 0.5390625 0.0830078125 0.0826171875
1 0.7078125 0.40078125 0.078125 0.078125
1 0.8734375 0.39140625 0.0759765625 0.07041015625
1 0.48671875 0.48125 0.077734375 0.077734375
1 0.309375 0.2328125 0.06953125 0.069921875
1 0.4109375 0.0453125 0.0361328125 0.0830078125
1 0.778125 0.15078125 0.0919921875 0.0919921875
1 0.959375 0.16484375 0.08125 0.0921875
1 0.0703125 0.71328125 0.091796875 0.09169921875
1 0.11953125 0.69140625 0.08203125 0.08203125
2 0.63515625 0.79765625 0.040625 0.13828125
1 0.3859375 0.6640625 0.06875 0.0685546875
1 0.81640625 0.64296875 0.066015625 0.066015625