1 0.8203125 0.571875 0.07890625 0.07255859375
1 0.46953125 0.33046875 0.07265625 0.103125
1 0.83125 0.46796875 0.077734375 0.0779296875
1 0.45859375 0.42890625 0.08046875 0.103125
1 0.6140625 0.4 0.08515625 0.0701171875
1 0.7234375 0.39609375 0.075 0.075
1 0.84375 0.39453125 0.0751953125 0.05478515625
1 0.98359375 0.38125 0.0328125 0.040625
1 0.30234375 0.22109375 0.07578125 0.0625
1 0.40234375 0.03203125 0.04921875 0.04921875
1 0.7828125 0.140625 0.0828125 0.1197265625
1 0.97578125 0.15390625 0.0375 0.13056640625
1 0.053125 0.7125 0.09296875 0.0919921875
1 0.10390625 0.6890625 0.0640625 0.10390625
2 0.63046875 0.80859375 0.099609375 0.099609375
1 0.38359375 0.6640625 0.075390625 0.0744140625
1 0.81640625 0.64296875 0.064453125 0.064453125