0 0.96484375 0.33046875 0.056640625 0.05654296875
1 0.96640625 0.41171875 0.040625 0.03662109375
1 0.87265625 0.371875 0.040234375 0.040234375
1 0.925 0.37265625 0.04326171875 0.04326171875
1 0.91953125 0.48359375 0.04375 0.03212890625
1 0.31796875 0.959375 0.04609375 0.0470703125
1 0.7546875 0.478125 0.040625 0.03427734375
1 0.609375 0.525 0.04453125 0.04443359375
1 0.19609375 0.29453125 0.04296875 0.04306640625
1 0.60625 0.2890625 0.05146484375 0.0513671875
1 0.27265625 0.434375 0.039453125 0.04013671875
1 0.2375 0.384375 0.0484375 0.048046875
1 0.0875 0.37109375 0.046875 0.040625
1 0.096875 0.41953125 0.0455078125 0.045703125
1 0.97890625 0.37109375 0.0390625 0.0298828125
1 0.55625 0.428125 0.0373046875 0.0375
1 0.5671875 0.37890625 0.040234375 0.04033203125
1 0.5609375 0.3390625 0.03671875 0.03671875
1 0.609375 0.33984375 0.03486328125 0.035546875
1 0.6140625 0.37578125 0.04228515625 0.03740234375
1 0.6125 0.4265625 0.04453125 0.0375
1 0.665625 0.421875 0.03662109375 0.0369140625
1 0.6515625 0.33203125 0.0451171875 0.03759765625
1 0.696875 0.3359375 0.034375 0.03359375
1 0.7375 0.33203125 0.030078125 0.0296875
1 0.79296875 0.334375 0.041796875 0.04169921875
1 0.778125 0.378125 0.040234375 0.03125
1 0.76171875 0.42109375 0.03828125 0.03916015625
1 0.8109375 0.41796875 0.0419921875 0.03291015625
1 0.84296875 0.33046875 0.0390625 0.03125
1 0.70859375 0.41640625 0.038671875 0.038671875
0 0.696875 0.375 0.071875 0.0720703125
1 0.82890625 0.37109375 0.03984375 0.03994140625
1 0.85625 0.415625 0.0380859375 0.03828125
1 0.89453125 0.33125 0.03984375 0.0400390625
1 0.91171875 0.415625 0.04140625 0.0326171875
0 0.7796875 0.95703125 0.0771484375 0.07734375