1 0.965625 0.475 0.065625 0.05
1 0.7609375 0.40546875 0.06875 0.053125
1 0.8765625 0.3984375 0.075 0.05859375
1 0.67265625 0.48203125 0.0734375 0.05546875
1 0.9734375 0.39140625 0.046875 0.0609375
1 0.3078125 0.2375 0.06875 0.046875
1 0.4078125 0.04296875 0.03125 0.08046875
1 0.7765625 0.15859375 0.05 0.121875
1 0.96171875 0.165625 0.028125 0.13046875
1 0.06953125 0.7125 0.0484375 0.10859375
1 0.11875 0.69140625 0.04375 0.1
2 0.634375 0.8 0.0375 0.1390625
1 0.38515625 0.6640625 0.0609375 0.05859375
1 0.81640625 0.64296875 0.0609375 0.05