1 0.765625 0.57890625 0.06875 0.05859375
1 0.95078125 0.45546875 0.065625 0.05546875
1 0.528125 0.3890625 0.06875 0.05
1 0.525 0.4734375 0.06875 0.05859375
1 0.4140625 0.290625 0.03125 0.11640625
1 0.67265625 0.39140625 0.0796875 0.05859375
1 0.8 0.3890625 0.06875 0.05
1 0.96953125 0.38359375 0.0578125 0.05546875
1 0.30234375 0.21796875 0.06875 0.046875
1 0.403125 0.03203125 0.028125 0.0640625
1 0.78125 0.14140625 0.05 0.121875
1 0.9765625 0.15546875 0.028125 0.13359375
1 0.05390625 0.7125 0.0515625 0.10859375
1 0.10546875 0.6890625 0.04375 0.1
2 0.63125 0.809375 0.0375 0.1359375
1 0.38359375 0.665625 0.0671875 0.05859375
1 0.81640625 0.64296875 0.0609375 0.05