1 0.94921875 0.50390625 0.0859375 0.0859375
1 0.0203125 0.42734375 0.040625 0.0453125
1 0.309375 0.42109375 0.071875 0.0708984375
1 0.6546875 0.396875 0.07109375 0.07099609375
1 0.86484375 0.384375 0.076171875 0.07607421875
1 0.75078125 0.48046875 0.08203125 0.08203125
1 0.95625 0.384375 0.07890625 0.0787109375
1 0.69609375 0.6265625 0.080078125 0.0791015625
1 0.3015625 0.225 0.06640625 0.06640625
1 0.4046875 0.03359375 0.048828125 0.04951171875
1 0.7796875 0.1390625 0.08515625 0.08515625
1 0.959375 0.15390625 0.08125 0.0953125
1 0.0578125 0.7109375 0.09375 0.09365234375
1 0.11015625 0.6890625 0.08515625 0.08515625
2 0.63046875 0.80546875 0.105078125 0.105078125
1 0.3828125 0.6640625 0.075 0.07490234375
1 0.81640625 0.64296875 0.065234375 0.065234375