1 0.12421875 0.403125 0.0390625 0.028125
1 0.14609375 0.35546875 0.0421875 0.03046875
1 0.0203125 0.39453125 0.03984375 0.03046875
0 0.7375 0.278125 0.06875 0.0375
0 0.971875 0.3265625 0.05234375 0.04140625
1 0.009375 0.353125 0.01875 0.034375
1 0.5796875 0.4640625 0.03828125 0.03359375
1 0.70625 0.4765625 0.0390625 0.03046875
1 0.625 0.51875 0.03515625 0.03203125
1 0.75625 0.5203125 0.04140625 0.0375
1 0.46875 0.44296875 0.03984375 0.0390625
1 0.315625 0.3984375 0.03203125 0.03046875
0 0.3671875 0.45859375 0.06953125 0.05
1 0.42421875 0.60703125 0.0359375 0.0640625
1 0.553125 0.41953125 0.03515625 0.028125
1 0.5640625 0.371875 0.0375 0.03046875
1 0.5578125 0.33046875 0.03671875 0.028125
1 0.60625 0.334375 0.03828125 0.02890625
1 0.6109375 0.36875 0.03828125 0.03203125
1 0.609375 0.41875 0.04140625 0.03203125
1 0.66015625 0.4140625 0.0375 0.028125
1 0.64921875 0.3265625 0.0390625 0.03359375
1 0.69453125 0.328125 0.0375 0.028125
1 0.7359375 0.3265625 0.03359375 0.028125
1 0.203125 0.28125 0.04453125 0.034375
1 0.790625 0.3296875 0.0390625 0.03203125
1 0.77578125 0.37265625 0.0390625 0.03203125
1 0.7578125 0.4171875 0.04140625 0.034375
1 0.80546875 0.41484375 0.0390625 0.034375
1 0.83984375 0.3265625 0.0375 0.03046875
1 0.70390625 0.41015625 0.0359375 0.02890625
0 0.6953125 0.36953125 0.09921875 0.04453125
1 0.828125 0.36875 0.0390625 0.02890625
1 0.853125 0.4125 0.03984375 0.028125
1 0.890625 0.32734375 0.0375 0.02890625
1 0.3671875 0.28125 0.04296875 0.03203125
1 0.2234375 0.4109375 0.03984375 0.03359375
1 0.9078125 0.4140625 0.040625 0.03046875
1 0.5078125 0.55234375 0.04140625 0.04609375
0 0.7765625 0.95625 0.06015625 0.08203125