1 0.93046875 0.475 0.0671875 0.05
1 0.76328125 0.40546875 0.06875 0.053125
1 0.88203125 0.3984375 0.075 0.05859375
1 0.6296875 0.484375 0.071875 0.05546875
1 0.97421875 0.39140625 0.0453125 0.0609375
1 0.3078125 0.2375 0.06875 0.046875
1 0.4078125 0.04296875 0.03125 0.08046875
1 0.7765625 0.15859375 0.05 0.121875
1 0.96171875 0.165625 0.028125 0.13046875
1 0.06953125 0.7125 0.0484375 0.10859375
1 0.11875 0.69140625 0.04375 0.1
2 0.63359375 0.8 0.0375 0.1390625
1 0.38515625 0.6640625 0.0609375 0.05859375
1 0.81640625 0.64296875 0.0609375 0.05