1 0.77890625 0.14453125 0.102734375 0.102734375
1 0.96484375 0.15390625 0.0703125 0.0859375
1 0.421875 0.18359375 0.0640625 0.11083984375
1 0.303125 0.225 0.075 0.0609375
1 0.4046875 0.03203125 0.055078125 0.055078125
1 0.959375 0.3890625 0.07265625 0.073046875
1 0.7546875 0.390625 0.07421875 0.05859375
1 0.37578125 0.4 0.081640625 0.08076171875
1 0.57578125 0.46796875 0.0734375 0.07353515625
1 0.4171875 0.478125 0.07109375 0.06162109375
1 0.684375 0.496875 0.0921875 0.0921875
1 0.81640625 0.64296875 0.067578125 0.067578125
1 0.38671875 0.665625 0.069921875 0.06904296875
1 0.109375 0.6875 0.071875 0.071875
1 0.05625 0.715625 0.09375 0.0927734375
2 0.63359375 0.803125 0.103515625 0.103125