1 0.29609375 0.371875 0.0359375 0.028125
1 0.4046875 0.41796875 0.0390625 0.0359375
1 0.33359375 0.4390625 0.0359375 0.03359375
1 0.446875 0.47890625 0.040625 0.0390625
1 0.19375 0.3625 0.040625 0.03359375
1 0.66484375 0.47890625 0.0375 0.03359375
1 0.72890625 0.5234375 0.040625 0.03046875
1 0.07265625 0.35390625 0.0328125 0.03046875
0 0.14140625 0.403125 0.0703125 0.0390625
1 0.38046875 0.69375 0.0265625 0.07890625
1 0.3140625 0.9765625 0.01875 0.04140625
1 0.5515625 0.41796875 0.0359375 0.028125
1 0.5640625 0.37109375 0.0375 0.03046875
1 0.55625 0.32890625 0.0359375 0.03046875
1 0.4296875 0.28046875 0.0390625 0.03046875
1 0.6046875 0.33046875 0.0375 0.03046875
1 0.609375 0.36640625 0.0375 0.03359375
1 0.60859375 0.41640625 0.0421875 0.03359375
1 0.659375 0.41328125 0.0375 0.02890625
1 0.64921875 0.325 0.0390625 0.03359375
1 0.69296875 0.3265625 0.0390625 0.03046875
1 0.734375 0.325 0.03515625 0.03046875
1 0.6296875 0.27421875 0.04453125 0.034375
1 0.78984375 0.328125 0.0390625 0.03359375
1 0.77578125 0.371875 0.0390625 0.03203125
1 0.75703125 0.415625 0.0421875 0.0359375
1 0.809375 0.4140625 0.0390625 0.03359375
1 0.8390625 0.3265625 0.0375 0.03046875
1 0.70390625 0.40859375 0.0359375 0.03046875
0 0.69453125 0.36640625 0.0984375 0.04453125
1 0.85078125 0.3671875 0.0390625 0.02890625
1 0.8703125 0.409375 0.040625 0.028125
1 0.90703125 0.32578125 0.0375 0.02890625
1 0.78515625 0.275 0.0421875 0.03359375
1 0.03125 0.39296875 0.040625 0.0359375
1 0.96953125 0.4109375 0.040625 0.0390625
1 0.46171875 0.578125 0.0421875 0.06640625
0 0.775 0.95625 0.06171875 0.08203125