1 0.63046875 0.48359375 0.07734375 0.0625
1 0.8 0.396875 0.0765625 0.065625
1 0.93359375 0.39453125 0.08359375 0.0734375
1 0.29609375 0.49296875 0.07421875 0.0744140625
1 0.30703125 0.2359375 0.07109375 0.07109375
1 0.4078125 0.04140625 0.05859375 0.059375
1 0.77734375 0.15859375 0.091015625 0.091015625
1 0.95859375 0.1640625 0.0828125 0.0875
1 0.06796875 0.7109375 0.065625 0.1107421875
1 0.11796875 0.69140625 0.0859375 0.0859375
2 0.63359375 0.8 0.078125 0.1322265625
1 0.38515625 0.6640625 0.071484375 0.07060546875
1 0.81640625 0.64296875 0.059765625 0.059765625