1 0.96328125 0.15234375 0.0734375 0.0921875
1 0.421875 0.19609375 0.0421875 0.1265625
1 0.30234375 0.22109375 0.073828125 0.073828125
1 0.40625 0.03203125 0.053515625 0.054296875
1 0.9453125 0.3890625 0.084375 0.0689453125
1 0.74375 0.390625 0.075 0.0609375
1 0.39609375 0.390625 0.08125 0.0810546875
1 0.578125 0.46796875 0.069140625 0.0693359375
1 0.41875 0.4765625 0.06484375 0.0646484375
1 0.684375 0.50703125 0.056640625 0.12421875
1 0.81640625 0.64453125 0.06875 0.06884765625
1 0.384375 0.6609375 0.074609375 0.075390625
1 0.10625 0.6890625 0.06171875 0.1099609375
1 0.0546875 0.70859375 0.094140625 0.09423828125
2 0.634375 0.80390625 0.102734375 0.102734375
1 0.78203125 0.1375 0.071875 0.12578125