0 0.96875 0.328125 0.0625 0.05322265625
1 0.9703125 0.41015625 0.04140625 0.0416015625
1 0.87421875 0.37109375 0.04296875 0.03681640625
1 0.009375 0.290625 0.01875 0.0375
1 0.396875 0.296875 0.05 0.0466796875
1 0.76640625 0.509375 0.0375 0.0373046875
1 0.82421875 0.48359375 0.0453125 0.0376953125
1 0.596875 0.4734375 0.037890625 0.0380859375
1 0.6921875 0.53359375 0.028515625 0.028125
1 0.4484375 0.446875 0.0404296875 0.0404296875
1 0.9484375 0.371875 0.0361328125 0.0359375
1 0.3515625 0.409375 0.0390625 0.03349609375
0 0.28828125 0.4515625 0.07265625 0.05625
1 0.1390625 0.4171875 0.04462890625 0.04453125
1 0.14921875 0.36953125 0.04375 0.03125
1 0.046875 0.4109375 0.04296875 0.0427734375
1 0.02421875 0.36796875 0.0453125 0.03525390625
1 0.55546875 0.425 0.030078125 0.030859375
1 0.56640625 0.378125 0.03828125 0.03193359375
1 0.559375 0.3375 0.038671875 0.028125
1 0.60703125 0.3359375 0.033984375 0.034765625
1 0.6140625 0.371875 0.03681640625 0.03662109375
1 0.61171875 0.4234375 0.0390625 0.0388671875
1 0.66328125 0.41953125 0.0390625 0.03046875
1 0.6515625 0.33203125 0.0451171875 0.03759765625
1 0.696875 0.33359375 0.0328125 0.03203125
1 0.7375 0.33046875 0.033984375 0.03359375
1 0.79296875 0.33203125 0.03984375 0.03994140625
1 0.778125 0.3765625 0.0431640625 0.03896484375
1 0.759375 0.42109375 0.040234375 0.0404296875
1 0.81015625 0.41640625 0.0390625 0.03916015625
1 0.8421875 0.32890625 0.039453125 0.0388671875
1 0.70859375 0.41640625 0.032421875 0.032421875
0 0.696875 0.3734375 0.08125 0.08134765625
1 0.82890625 0.37109375 0.040625 0.0330078125
1 0.85625 0.415625 0.0375 0.0375
1 0.89375 0.3296875 0.04140625 0.0345703125
1 0.91171875 0.415625 0.0421875 0.0419921875
0 0.77890625 0.95703125 0.08046875 0.0806640625