1 0.78359375 0.47890625 0.07421875 0.05390625
1 0.778125 0.4015625 0.06953125 0.06875
1 0.90625 0.39609375 0.084375 0.07509765625
1 0.46171875 0.490625 0.067578125 0.0681640625
1 0.97578125 0.38671875 0.0484375 0.0546875
1 0.30703125 0.2359375 0.07578125 0.06640625
1 0.4078125 0.04296875 0.0578125 0.0578125
1 0.7765625 0.15859375 0.0859375 0.08671875
1 0.9625 0.165625 0.0578125 0.12958984375
1 0.06875 0.7125 0.09375 0.0935546875
1 0.11796875 0.69140625 0.07578125 0.07578125
2 0.63359375 0.8 0.05859375 0.140234375
1 0.38515625 0.6640625 0.067578125 0.0673828125
1 0.81640625 0.64296875 0.057421875 0.057421875