1 0.70703125 0.47890625 0.0734375 0.05859375
1 0.503125 0.3875 0.06953125 0.078125
2 0.475 0.5015625 0.09375 0.09365234375
1 0.30234375 0.225 0.0640625 0.0640625
1 0.40625 0.03203125 0.055078125 0.055078125
1 0.79140625 0.146875 0.089453125 0.088671875
1 0.96953125 0.1609375 0.0609375 0.084375
1 0.04765625 0.7140625 0.053125 0.110546875
1 0.09921875 0.7 0.08828125 0.08818359375
2 0.63828125 0.81640625 0.05546875 0.14140625
1 0.3828125 0.67109375 0.073046875 0.0732421875
1 0.825 0.65703125 0.064453125 0.06484375
1 0.11484375 0.41796875 0.059765625 0.059765625