1 0.8453125 0.55859375 0.08125 0.07890625
1 0.4484375 0.2 0.084765625 0.083984375
1 0.5453125 0.4734375 0.0794921875 0.08134765625
1 0.56484375 0.4 0.068359375 0.0689453125
1 0.68203125 0.39609375 0.066796875 0.066796875
1 0.80234375 0.39453125 0.0703125 0.0712890625
1 0.940625 0.38359375 0.075 0.0697265625
1 0.30234375 0.22109375 0.06875 0.06875
1 0.40234375 0.03203125 0.05625 0.05625
1 0.78046875 0.1375 0.090234375 0.09111328125
1 0.9640625 0.1515625 0.071875 0.0875
1 0.05234375 0.7125 0.089453125 0.0900390625
1 0.103125 0.6890625 0.07109375 0.1015625
2 0.6296875 0.80703125 0.07421875 0.1328125
1 0.3828125 0.6640625 0.075 0.0748046875
1 0.81640625 0.64296875 0.06640625 0.0578125