1 0.053125 0.4265625 0.0734375 0.0734375
1 0.40859375 0.375 0.07734375 0.1212890625
1 0.228125 0.4984375 0.064453125 0.06484375
1 0.06015625 0.50703125 0.075 0.07509765625
1 0.30625 0.2359375 0.06875 0.06875
1 0.409375 0.03984375 0.0634765625 0.06279296875
1 0.78203125 0.153125 0.05234375 0.12265625
1 0.96875 0.16171875 0.0625 0.1203125
1 0.06171875 0.715625 0.096484375 0.09638671875
1 0.11328125 0.696875 0.04609375 0.1099609375
2 0.634375 0.81796875 0.0671875 0.13671875
1 0.38515625 0.66640625 0.071875 0.0642578125
1 0.81953125 0.6515625 0.06640625 0.0578125