1 0.9671875 0.46953125 0.065625 0.0609375
1 0.64375 0.5625 0.06171875 0.10693359375
1 0.74140625 0.39140625 0.08359375 0.07041015625
1 0.40390625 0.48203125 0.07265625 0.06337890625
1 0.87890625 0.39609375 0.0796875 0.06484375
1 0.16953125 0.49453125 0.07890625 0.0681640625
1 0.3046875 0.23359375 0.06875 0.06875
1 0.40390625 0.03828125 0.0484375 0.0765625
1 0.78046875 0.1515625 0.084765625 0.0857421875
1 0.9671875 0.16328125 0.065625 0.1234375
1 0.05859375 0.715625 0.096484375 0.09638671875
1 0.1109375 0.690625 0.084375 0.08515625
2 0.63359375 0.815625 0.05 0.138671875
1 0.3859375 0.665625 0.07421875 0.0693359375
1 0.8171875 0.65 0.0681640625 0.0625