1 0.39140625 0.46640625 0.04296875 0.0376953125
1 0.47421875 0.440625 0.04765625 0.0435546875
1 0.28125 0.4265625 0.0400390625 0.03427734375
0 0.1796875 0.3 0.0578125 0.058203125
0 0.96640625 0.328125 0.06171875 0.0494140625
1 0.290625 0.390625 0.046875 0.04287109375
1 0.19296875 0.3765625 0.036328125 0.0369140625
1 0.09296875 0.403125 0.0359375 0.03212890625
1 0.96328125 0.47109375 0.034375 0.0353515625
1 0.98125 0.51875 0.0375 0.0384765625
1 0.84765625 0.478125 0.037109375 0.03779296875
1 0.640625 0.471875 0.03759765625 0.03740234375
0 0.63984375 0.51796875 0.053515625 0.053515625
1 0.534375 0.56015625 0.04833984375 0.0484375
1 0.55390625 0.42109375 0.0359375 0.0359375
1 0.56484375 0.3734375 0.04140625 0.0365234375
1 0.5578125 0.33359375 0.037109375 0.03046875
1 0.60546875 0.334375 0.036328125 0.03544921875
1 0.6109375 0.36953125 0.038671875 0.03955078125
1 0.61015625 0.41953125 0.037890625 0.0380859375
1 0.6609375 0.415625 0.03515625 0.03515625
1 0.64921875 0.3265625 0.040625 0.0333984375
1 0.6953125 0.328125 0.036328125 0.036328125
1 0.7359375 0.328125 0.036328125 0.03671875
1 0.7921875 0.33046875 0.040625 0.0412109375
1 0.77578125 0.371875 0.04375 0.04052734375
1 0.7578125 0.41796875 0.04296875 0.03603515625
1 0.80703125 0.415625 0.043359375 0.043359375
1 0.84140625 0.3265625 0.0359375 0.03583984375
1 0.70390625 0.409375 0.033984375 0.033203125
0 0.6953125 0.37109375 0.073046875 0.07373046875
1 0.828125 0.36875 0.037890625 0.0283203125
1 0.85390625 0.4140625 0.04140625 0.03203125
1 0.8921875 0.328125 0.0390625 0.0390625
1 0.4875 0.49453125 0.0431640625 0.0435546875
1 0.90859375 0.4140625 0.0390625 0.0380859375
1 0.778125 0.5265625 0.0486328125 0.0486328125
0 0.7765625 0.95546875 0.076953125 0.07783203125