1 0.34375 0.41171875 0.0671875 0.0765625
1 0.365625 0.49453125 0.07109375 0.05
1 0.2046875 0.5046875 0.07109375 0.05703125
1 0.984375 0.38359375 0.02890625 0.05859375
1 0.30625 0.23671875 0.06875 0.0484375
1 0.409375 0.03984375 0.0296875 0.07890625
1 0.7828125 0.1546875 0.04921875 0.12109375
1 0.97265625 0.16328125 0.028125 0.13203125
1 0.0609375 0.715625 0.05078125 0.10703125
1 0.1125 0.69609375 0.04375 0.10859375
2 0.634375 0.81875 0.0375 0.1375
1 0.3859375 0.66640625 0.06640625 0.05859375
1 0.81875 0.6515625 0.0609375 0.05