1 0.29609375 0.371875 0.03828125 0.03203125
1 0.4046875 0.41796875 0.0439453125 0.044140625
1 0.33359375 0.4390625 0.038671875 0.03779296875
1 0.446875 0.47890625 0.046875 0.04609375
1 0.19375 0.3625 0.04296875 0.03662109375
1 0.66484375 0.47890625 0.042578125 0.04267578125
1 0.72890625 0.5234375 0.0453125 0.03974609375
1 0.07265625 0.35390625 0.034375 0.0314453125
0 0.14140625 0.403125 0.056640625 0.0578125
1 0.38046875 0.69375 0.03359375 0.0798828125
1 0.3140625 0.9765625 0.02109375 0.04150390625
1 0.5515625 0.41796875 0.0345703125 0.034375
1 0.5640625 0.37109375 0.036328125 0.03642578125
1 0.55625 0.32890625 0.0412109375 0.03603515625
1 0.4296875 0.28046875 0.040234375 0.0298828125
1 0.6046875 0.33046875 0.037890625 0.0380859375
1 0.609375 0.36640625 0.04296875 0.0408203125
1 0.60859375 0.41640625 0.04140625 0.04228515625
1 0.659375 0.41328125 0.038671875 0.0384765625
1 0.64921875 0.325 0.043359375 0.04326171875
1 0.69296875 0.3265625 0.036328125 0.03544921875
1 0.734375 0.325 0.0376953125 0.0365234375
1 0.6296875 0.27421875 0.04462890625 0.04375
1 0.78984375 0.328125 0.041796875 0.0423828125
1 0.77578125 0.371875 0.04453125 0.03994140625
1 0.75703125 0.415625 0.0484375 0.044140625
1 0.809375 0.4140625 0.0431640625 0.04208984375
1 0.8390625 0.3265625 0.034375 0.03427734375
1 0.70390625 0.40859375 0.0375 0.0376953125
0 0.69453125 0.36640625 0.08515625 0.0849609375
1 0.85078125 0.3671875 0.04296875 0.03681640625
1 0.8703125 0.409375 0.04453125 0.03671875
1 0.90703125 0.32578125 0.038671875 0.03857421875
1 0.78515625 0.275 0.043359375 0.0431640625
1 0.03125 0.39296875 0.044140625 0.044140625
1 0.96953125 0.4109375 0.0421875 0.041796875
1 0.46171875 0.578125 0.04921875 0.06962890625
0 0.775 0.95625 0.0677734375 0.0853515625