1 0.040625 0.3984375 0.041015625 0.040625
1 0.04296875 0.3515625 0.043359375 0.04326171875
0 0.94765625 0.275 0.061328125 0.0623046875
0 0.9765625 0.32578125 0.046875 0.0484375
1 0.4546875 0.43203125 0.041015625 0.041796875
1 0.56875 0.46796875 0.041796875 0.0376953125
1 0.4953125 0.49140625 0.038671875 0.03798828125
1 0.6203125 0.51171875 0.04697265625 0.046875
1 0.34765625 0.39296875 0.046875 0.04453125
1 0.89609375 0.471875 0.04453125 0.0419921875
1 0.98671875 0.52578125 0.0265625 0.0328125
1 0.20625 0.371875 0.0375 0.0373046875
0 0.26875 0.428125 0.06640625 0.0666015625
1 0.4125 0.6234375 0.05390625 0.05556640625
1 0.55234375 0.41796875 0.0375 0.03046875
1 0.5640625 0.37109375 0.033984375 0.0333984375
1 0.55703125 0.33046875 0.0390625 0.03203125
1 0.16484375 0.27890625 0.03984375 0.03994140625
1 0.6046875 0.33203125 0.0421875 0.03759765625
1 0.61015625 0.36796875 0.03984375 0.03134765625
1 0.609375 0.41796875 0.034765625 0.0357421875
1 0.66015625 0.4140625 0.034375 0.03515625
1 0.64921875 0.3265625 0.041796875 0.04169921875
1 0.69375 0.3265625 0.04296875 0.0388671875
1 0.734375 0.3265625 0.0375 0.03740234375
1 0.3828125 0.2765625 0.04375 0.0345703125
1 0.78984375 0.32890625 0.03984375 0.03994140625
1 0.77578125 0.37109375 0.040625 0.0330078125
1 0.75703125 0.41640625 0.046875 0.0408203125
1 0.80546875 0.4140625 0.041796875 0.0416015625
1 0.83984375 0.3265625 0.040625 0.0404296875
1 0.70390625 0.409375 0.04140625 0.0380859375
0 0.69453125 0.36796875 0.09921875 0.0482421875
1 0.828125 0.36640625 0.039453125 0.03828125
1 0.85234375 0.4125 0.037890625 0.038671875
1 0.890625 0.3265625 0.03515625 0.0349609375
1 0.5453125 0.278125 0.03818359375 0.03837890625
1 0.13125 0.3984375 0.04375 0.0435546875
1 0.91328125 0.4140625 0.0375 0.03662109375
1 0.484375 0.5640625 0.04775390625 0.04765625
0 0.77578125 0.95625 0.078515625 0.0794921875