0 0.96875 0.32890625 0.054296875 0.0533203125
1 0.96953125 0.41171875 0.04296875 0.0427734375
1 0.8734375 0.37109375 0.040234375 0.0298828125
1 0.1109375 0.3125 0.0443359375 0.044140625
1 0.94765625 0.490625 0.03671875 0.0365234375
1 0.79296875 0.478125 0.041796875 0.0427734375
1 0.9046875 0.534375 0.03671875 0.03671875
1 0.62890625 0.47890625 0.0375 0.0375
1 0.925 0.371875 0.03984375 0.03984375
1 0.5265625 0.4625 0.040625 0.0404296875
0 0.4765625 0.50546875 0.064453125 0.06357421875
1 0.32421875 0.45 0.04375 0.03662109375
1 0.35234375 0.40546875 0.04609375 0.03916015625
1 0.2078125 0.41953125 0.044921875 0.04501953125
1 0.2390625 0.38359375 0.0419921875 0.04189453125
1 0.0796875 0.3703125 0.036328125 0.036328125
1 0.10078125 0.41640625 0.04140625 0.04150390625
1 0.01328125 0.4140625 0.0265625 0.03125
1 0.55546875 0.425 0.033984375 0.033984375
1 0.56640625 0.378125 0.040625 0.0349609375
1 0.559375 0.3390625 0.033984375 0.0359375
1 0.6078125 0.3375 0.0390625 0.0390625
1 0.61328125 0.371875 0.041796875 0.0416015625
1 0.61171875 0.4234375 0.0421875 0.0419921875
1 0.6640625 0.4203125 0.03515625 0.0341796875
1 0.6515625 0.33203125 0.0392578125 0.04033203125
1 0.696875 0.33359375 0.0375 0.03046875
1 0.7375 0.33046875 0.033984375 0.03359375
1 0.79296875 0.33203125 0.04140625 0.0416015625
1 0.778125 0.3765625 0.041015625 0.0404296875
1 0.759375 0.42109375 0.04296875 0.03369140625
1 0.81015625 0.41640625 0.04140625 0.04150390625
1 0.8421875 0.3296875 0.03984375 0.0400390625
1 0.70859375 0.41640625 0.040625 0.03515625
0 0.696875 0.3734375 0.08046875 0.0806640625
1 0.82890625 0.371875 0.03984375 0.02900390625
1 0.85625 0.415625 0.03515625 0.03515625
1 0.89375 0.3296875 0.03828125 0.0392578125
1 0.91171875 0.415625 0.0453125 0.03974609375
0 0.77890625 0.95703125 0.0765625 0.07666015625