1 0.63046875 0.48359375 0.071484375 0.071484375
1 0.8 0.396875 0.06171875 0.06171875
1 0.93359375 0.39453125 0.080859375 0.080859375
1 0.29609375 0.49296875 0.078125 0.06181640625
1 0.30703125 0.2359375 0.07109375 0.07109375
1 0.4078125 0.04140625 0.04765625 0.08046875
1 0.77734375 0.15859375 0.096484375 0.096484375
1 0.959375 0.16484375 0.08125 0.0828125
1 0.06796875 0.7109375 0.091015625 0.0908203125
1 0.11796875 0.69140625 0.084375 0.084375
2 0.63359375 0.8 0.059375 0.139453125
1 0.38515625 0.6640625 0.072265625 0.0712890625
1 0.81640625 0.64296875 0.064453125 0.064453125