1 0.97265625 0.15390625 0.040625 0.13056640625
1 0.30234375 0.225 0.0625 0.0625
1 0.403125 0.0328125 0.0482421875 0.0484375
1 0.95546875 0.37890625 0.07109375 0.07119140625
1 0.83125 0.390625 0.06875 0.0677734375
1 0.62734375 0.403125 0.076171875 0.0759765625
1 0.41171875 0.409375 0.08203125 0.0640625
1 0.115625 0.425 0.0734375 0.0732421875
1 0.9484375 0.4625 0.071875 0.07177734375
1 0.434375 0.49296875 0.081640625 0.081640625
1 0.87890625 0.546875 0.075390625 0.076171875
1 0.81640625 0.64296875 0.058203125 0.058203125
1 0.3828125 0.6640625 0.07421875 0.0697265625
1 0.10546875 0.690625 0.0578125 0.10390625
1 0.0546875 0.7125 0.09375 0.0935546875
1 0.68359375 0.79140625 0.0859375 0.0859375
2 0.63359375 0.80546875 0.0984375 0.0984375
1 0.78046875 0.1375 0.094140625 0.093359375