1 0.77890625 0.146875 0.059375 0.125
1 0.9625 0.159375 0.075 0.090625
1 0.303125 0.23359375 0.07578125 0.06953125
1 0.40390625 0.03671875 0.0484375 0.0734375
1 0.8203125 0.3984375 0.07890625 0.0671875
1 0.6921875 0.42890625 0.088671875 0.08779296875
1 0.240625 0.46953125 0.08515625 0.08427734375
1 0.5515625 0.475 0.07109375 0.07099609375
1 0.3796875 0.484375 0.0703125 0.06865234375
1 0.81640625 0.65 0.066796875 0.066796875
1 0.3859375 0.67109375 0.0720703125 0.06572265625
1 0.109375 0.69140625 0.086328125 0.0873046875
1 0.05703125 0.715625 0.084765625 0.08544921875
2 0.63125 0.80859375 0.0734375 0.13671875
1 0.434375 0.09140625 0.077734375 0.0783203125
1 0.67421875 0.9359375 0.089453125 0.090234375