1 0.778125 0.578125 0.07890625 0.07177734375
1 0.9828125 0.45546875 0.034375 0.0421875
1 0.515625 0.3875 0.0708984375 0.07109375
1 0.5734375 0.4734375 0.075 0.0669921875
1 0.41796875 0.315625 0.03984375 0.11650390625
1 0.659375 0.39296875 0.08671875 0.0767578125
1 0.77890625 0.390625 0.071484375 0.071484375
1 0.94609375 0.384375 0.079296875 0.07919921875
1 0.30234375 0.21953125 0.071875 0.0546875
1 0.403125 0.03203125 0.049609375 0.049609375
1 0.78203125 0.14140625 0.101171875 0.101171875
1 0.97265625 0.1546875 0.0546875 0.13125
1 0.05390625 0.7125 0.081640625 0.0822265625
1 0.1046875 0.6890625 0.06015625 0.10390625
2 0.63046875 0.809375 0.09140625 0.0912109375
1 0.38359375 0.665625 0.075 0.0677734375
1 0.81640625 0.64296875 0.065234375 0.065234375