1 0.31875 0.38046875 0.03671875 0.03046875
1 0.4265625 0.425 0.0390625 0.0359375
1 0.35546875 0.446875 0.0359375 0.03359375
1 0.4703125 0.4859375 0.040625 0.0390625
1 0.21484375 0.365625 0.0421875 0.03359375
1 0.696875 0.478125 0.0375 0.03359375
1 0.76640625 0.5234375 0.040625 0.03046875
1 0.08984375 0.35546875 0.0328125 0.03046875
0 0.15859375 0.40546875 0.0703125 0.0390625
1 0.3875 0.671875 0.028125 0.078125
1 0.5515625 0.41796875 0.0359375 0.028125
1 0.5640625 0.37109375 0.0375 0.03046875
1 0.55625 0.3296875 0.03671875 0.02890625
1 0.3921875 0.28046875 0.0390625 0.03046875
1 0.6046875 0.33046875 0.03828125 0.03046875
1 0.609375 0.36640625 0.0375 0.03359375
1 0.60859375 0.41640625 0.0421875 0.03359375
1 0.659375 0.4125 0.0375 0.03046875
1 0.64921875 0.325 0.0390625 0.03359375
1 0.69296875 0.3265625 0.0390625 0.03046875
1 0.734375 0.32578125 0.03515625 0.02890625
1 0.5953125 0.2734375 0.04375 0.0359375
1 0.78984375 0.328125 0.0390625 0.03359375
1 0.77578125 0.37109375 0.0390625 0.03046875
1 0.7578125 0.4171875 0.04140625 0.034375
1 0.80859375 0.41484375 0.0390625 0.034375
1 0.8390625 0.3265625 0.0375 0.03046875
1 0.70390625 0.40859375 0.0359375 0.03046875
0 0.6953125 0.36796875 0.09921875 0.04453125
1 0.846875 0.36640625 0.0390625 0.028125
1 0.8671875 0.4109375 0.040625 0.028125
1 0.9046875 0.32578125 0.0375 0.02890625
1 0.7515625 0.275 0.04375 0.03359375
1 0.04375 0.39375 0.03984375 0.034375
1 0.96015625 0.4109375 0.040625 0.0359375
1 0.4640625 0.575 0.040625 0.0640625
0 0.775 0.95546875 0.0625 0.08359375