1 0.68671875 0.6875 0.0359375 0.10859375
1 0.21796875 0.421875 0.075 0.0609375
1 0.5109375 0.40703125 0.0671875 0.05859375
1 0.7984375 0.475 0.0703125 0.0609375
1 0.76640625 0.396875 0.0578125 0.05546875
1 0.31015625 0.234375 0.06875 0.046875
1 0.41171875 0.04453125 0.0328125 0.08359375
1 0.77734375 0.15703125 0.0453125 0.11953125
1 0.96484375 0.165625 0.028125 0.13046875
1 0.0703125 0.7125 0.046875 0.10859375
1 0.11953125 0.69140625 0.04375 0.1
2 0.6359375 0.796875 0.0375 0.1390625
1 0.38671875 0.6640625 0.0578125 0.05859375
1 0.81640625 0.64296875 0.0609375 0.05