0 0.9640625 0.33046875 0.058203125 0.05810546875
1 0.96640625 0.4109375 0.0390625 0.0380859375
1 0.87265625 0.371875 0.037890625 0.038671875
1 0.925 0.371875 0.04375 0.04375
1 0.97578125 0.484375 0.04296875 0.0396484375
1 0.81875 0.4765625 0.0390625 0.0390625
1 0.684375 0.528125 0.04453125 0.03271484375
1 0.109375 0.29296875 0.045703125 0.045703125
1 0.521875 0.290625 0.0470703125 0.0404296875
1 0.325 0.4484375 0.04296875 0.0419921875
1 0.28828125 0.39453125 0.046875 0.046875
1 0.146875 0.3765625 0.038671875 0.041015625
1 0.1453125 0.421875 0.04140625 0.0412109375
1 0.978125 0.3703125 0.04375 0.0375
1 0.55625 0.428125 0.0373046875 0.0375
1 0.5671875 0.37890625 0.038671875 0.03876953125
1 0.5609375 0.3390625 0.034375 0.034375
1 0.60859375 0.3390625 0.039453125 0.040234375
1 0.6140625 0.37578125 0.03876953125 0.03857421875
1 0.6125 0.4265625 0.0390625 0.0390625
1 0.665625 0.421875 0.03662109375 0.0369140625
1 0.6515625 0.33203125 0.0416015625 0.04189453125
1 0.696875 0.3359375 0.0322265625 0.03046875
1 0.7375 0.33203125 0.033203125 0.0328125
1 0.79296875 0.334375 0.04140625 0.0341796875
1 0.778125 0.378125 0.0384765625 0.0296875
1 0.76171875 0.42109375 0.0390625 0.03994140625
1 0.8109375 0.41796875 0.044140625 0.0392578125
1 0.84296875 0.33046875 0.0390625 0.0390625
1 0.70859375 0.41640625 0.03984375 0.03359375
0 0.696875 0.375 0.078125 0.0783203125
1 0.82890625 0.37109375 0.04375 0.03837890625
1 0.85625 0.415625 0.04140625 0.04140625
1 0.89453125 0.33046875 0.0390625 0.0390625
1 0.91171875 0.415625 0.0453125 0.0380859375
0 0.7796875 0.95703125 0.07734375 0.07734375