1 0.96484375 0.49140625 0.0703125 0.0765625
1 0.203125 0.4234375 0.072265625 0.0716796875
1 0.5890625 0.39453125 0.07265625 0.0681640625
1 0.8296875 0.3875 0.07421875 0.0740234375
1 0.81875 0.478125 0.08125 0.070703125
1 0.92109375 0.3890625 0.084375 0.0701171875
1 0.70625 0.596875 0.053515625 0.1091796875
1 0.30234375 0.2265625 0.07265625 0.053125
1 0.4046875 0.03359375 0.052734375 0.05341796875
1 0.7796875 0.140625 0.096875 0.09697265625
1 0.96796875 0.15625 0.0640625 0.125
1 0.05859375 0.7109375 0.079296875 0.07841796875
1 0.11015625 0.690625 0.084375 0.084375
2 0.63046875 0.80546875 0.03984375 0.1390625
1 0.38359375 0.6640625 0.0765625 0.0732421875
1 0.81640625 0.64296875 0.056640625 0.056640625