1 0.8609375 0.5484375 0.07890625 0.0791015625
1 0.4421875 0.09140625 0.06875 0.0677734375
1 0.615625 0.4734375 0.075 0.07490234375
1 0.503125 0.403125 0.0828125 0.0826171875
1 0.640625 0.39609375 0.08125 0.0625
1 0.778125 0.39296875 0.06796875 0.0669921875
1 0.90546875 0.38359375 0.0703125 0.06025390625
1 0.04296875 0.496875 0.079296875 0.0783203125
1 0.6828125 0.95390625 0.03828125 0.08671875
1 0.30234375 0.221875 0.0671875 0.0671875
1 0.4015625 0.03203125 0.052734375 0.051953125
1 0.77890625 0.134375 0.084765625 0.0857421875
1 0.9625 0.15 0.075 0.090625
1 0.0515625 0.7125 0.09375 0.0935546875
1 0.10234375 0.6890625 0.0859375 0.0859375
2 0.6296875 0.80703125 0.096484375 0.095703125
1 0.3828125 0.6640625 0.075 0.0748046875
1 0.81640625 0.64296875 0.066015625 0.066015625