1 0.97265625 0.153125 0.0546875 0.128125
1 0.42265625 0.203125 0.0671875 0.1265625
1 0.3015625 0.221875 0.06171875 0.06328125
1 0.40703125 0.03203125 0.05625 0.05625
1 0.4078125 0.3765625 0.087890625 0.0892578125
1 0.93203125 0.3890625 0.077734375 0.0779296875
1 0.73046875 0.39140625 0.06875 0.06875
1 0.58203125 0.46796875 0.07109375 0.0603515625
1 0.421875 0.475 0.06875 0.06865234375
1 0.68671875 0.5140625 0.091796875 0.091796875
1 0.81640625 0.64296875 0.064453125 0.064453125
1 0.3859375 0.665625 0.0681640625 0.06162109375
1 0.109375 0.6875 0.05625 0.10390625
1 0.05625 0.715625 0.05390625 0.11083984375
2 0.6359375 0.80390625 0.053125 0.13828125
1 0.78515625 0.134375 0.099609375 0.1001953125