1 0.63046875 0.48359375 0.0703125 0.05
1 0.8 0.396875 0.06875 0.053125
1 0.93359375 0.39453125 0.075 0.0609375
1 0.29609375 0.49296875 0.0734375 0.05546875
1 0.30703125 0.2359375 0.06875 0.05
1 0.4078125 0.04140625 0.03125 0.078125
1 0.77734375 0.15859375 0.0484375 0.121875
1 0.9625 0.165625 0.028125 0.13046875
1 0.06796875 0.7109375 0.0484375 0.10546875
1 0.11796875 0.69140625 0.04375 0.1
2 0.63359375 0.8 0.0375 0.1390625
1 0.38515625 0.6640625 0.0609375 0.05859375
1 0.81640625 0.64296875 0.0609375 0.05