1 0.68046875 0.5984375 0.087109375 0.0869140625
1 0.55078125 0.40859375 0.084375 0.07421875
1 0.7640625 0.396875 0.071484375 0.0708984375
1 0.5703125 0.47890625 0.07734375 0.0779296875
1 0.95234375 0.390625 0.063671875 0.063671875
1 0.309375 0.23359375 0.06015625 0.06015625
1 0.4109375 0.04453125 0.03203125 0.08291015625
1 0.778125 0.153125 0.0984375 0.0984375
1 0.9609375 0.1640625 0.078125 0.0875
1 0.0703125 0.7125 0.084375 0.0841796875
1 0.11953125 0.69140625 0.06484375 0.10390625
2 0.63515625 0.796875 0.0578125 0.140234375
1 0.38671875 0.6640625 0.058203125 0.0587890625
1 0.81640625 0.64296875 0.06953125 0.06171875