1 0.70703125 0.48046875 0.069921875 0.069921875
1 0.7890625 0.4 0.06640625 0.06796875
1 0.9203125 0.39609375 0.078515625 0.0787109375
1 0.37890625 0.49140625 0.0671875 0.0673828125
1 0.98671875 0.3875 0.025 0.0626953125
1 0.30703125 0.2359375 0.065625 0.065625
1 0.4078125 0.04140625 0.0359375 0.0796875
1 0.7765625 0.15859375 0.09296875 0.09375
1 0.95859375 0.16484375 0.0828125 0.0890625
1 0.06796875 0.7125 0.094140625 0.09326171875
1 0.11796875 0.69140625 0.07421875 0.07421875
2 0.63359375 0.8 0.1 0.1001953125
1 0.38515625 0.6640625 0.070703125 0.06982421875
1 0.81640625 0.64296875 0.062109375 0.062109375