1 0.67109375 0.6640625 0.040625 0.125
1 0.725 0.39453125 0.075 0.05859375
1 0.4875 0.47890625 0.065625 0.05546875
1 0.853125 0.39609375 0.071875 0.05
1 0.27109375 0.4875 0.06875 0.05859375
1 0.04921875 0.49296875 0.0703125 0.0609375
1 0.30390625 0.23046875 0.06875 0.05
1 0.4046875 0.0359375 0.028125 0.071875
1 0.7796875 0.1484375 0.05 0.11953125
1 0.9703125 0.1625 0.028125 0.13046875
1 0.0578125 0.7140625 0.05 0.10546875
1 0.11015625 0.6890625 0.04375 0.1
2 0.6328125 0.815625 0.0375 0.1359375
1 0.3859375 0.665625 0.065625 0.05859375
1 0.8171875 0.646875 0.0609375 0.05