1 0.9265625 0.51640625 0.08515625 0.08515625
1 0.128125 0.425 0.08203125 0.065625
1 0.40546875 0.415625 0.075390625 0.0751953125
1 0.725 0.39453125 0.070703125 0.07158203125
1 0.8890625 0.38203125 0.066796875 0.06611328125
1 0.6640625 0.48359375 0.08203125 0.0703125
1 0.96953125 0.3828125 0.0609375 0.0625
1 0.6921875 0.66953125 0.076953125 0.077734375
1 0.3015625 0.225 0.07109375 0.07109375
1 0.403125 0.03359375 0.0375 0.0671875
1 0.7796875 0.1390625 0.1 0.1
1 0.96953125 0.15546875 0.05390625 0.13212890625
1 0.05703125 0.7109375 0.094921875 0.0947265625
1 0.10859375 0.6890625 0.078125 0.078125
2 0.63046875 0.80546875 0.05234375 0.14140625
1 0.3828125 0.6640625 0.0765625 0.07255859375
1 0.81640625 0.64296875 0.055859375 0.055859375