1 0.340625 0.3890625 0.03984375 0.0380859375
1 0.4484375 0.43359375 0.0458984375 0.04296875
1 0.37734375 0.45390625 0.03828125 0.03837890625
1 0.49375 0.49140625 0.0453125 0.04375
1 0.2359375 0.36796875 0.044140625 0.04423828125
1 0.728125 0.4765625 0.0390625 0.03583984375
1 0.80390625 0.525 0.040625 0.0404296875
1 0.1078125 0.35546875 0.031640625 0.03095703125
0 0.17578125 0.40703125 0.07265625 0.04677734375
1 0.39296875 0.659375 0.052734375 0.053515625
1 0.5515625 0.41796875 0.039453125 0.03515625
1 0.5640625 0.37109375 0.039453125 0.0396484375
1 0.55625 0.32890625 0.0400390625 0.04033203125
1 0.35390625 0.28046875 0.03984375 0.0400390625
1 0.6046875 0.33203125 0.038671875 0.03876953125
1 0.609375 0.36640625 0.036328125 0.03720703125
1 0.60859375 0.41796875 0.0421875 0.0423828125
1 0.66015625 0.4140625 0.0328125 0.03359375
1 0.64921875 0.325 0.043359375 0.04326171875
1 0.69375 0.32734375 0.0388671875 0.0384765625
1 0.73359375 0.32578125 0.033984375 0.03388671875
1 0.56015625 0.2734375 0.05 0.0423828125
1 0.78984375 0.328125 0.038671875 0.03935546875
1 0.77578125 0.371875 0.041796875 0.0419921875
1 0.75703125 0.41640625 0.04375 0.04462890625
1 0.8078125 0.41484375 0.044140625 0.04453125
1 0.8390625 0.3265625 0.04296875 0.0388671875
1 0.70390625 0.40859375 0.0328125 0.0330078125
0 0.69453125 0.36796875 0.1015625 0.05302734375
1 0.84296875 0.36640625 0.04296875 0.034375
1 0.8640625 0.4109375 0.03515625 0.03515625
1 0.9015625 0.325 0.0375 0.03671875
1 0.71875 0.275 0.04296875 0.0427734375
1 0.05546875 0.39296875 0.03984375 0.03984375
1 0.9515625 0.4109375 0.0453125 0.041015625
1 0.4671875 0.5734375 0.0556640625 0.055859375
0 0.775 0.95625 0.0833984375 0.0837890625