1 0.9265625 0.51640625 0.06875 0.071875
1 0.128125 0.425 0.075 0.05
1 0.40546875 0.415625 0.0703125 0.05546875
1 0.725 0.39453125 0.065625 0.05546875
1 0.8890625 0.38203125 0.065625 0.05859375
1 0.6640625 0.48359375 0.075 0.0609375
1 0.97265625 0.384375 0.0515625 0.05859375
1 0.6921875 0.66953125 0.034375 0.1109375
1 0.3015625 0.225 0.06875 0.05
1 0.40390625 0.03359375 0.028125 0.06640625
1 0.7796875 0.1390625 0.05 0.121875
1 0.96953125 0.15546875 0.028125 0.13359375
1 0.05703125 0.7109375 0.0515625 0.10546875
1 0.10859375 0.6890625 0.04375 0.1
2 0.63046875 0.80546875 0.0375 0.1390625
1 0.3828125 0.6640625 0.065625 0.05859375
1 0.81640625 0.64296875 0.0609375 0.05