0 0.9640625 0.33046875 0.0625 0.05458984375
1 0.96640625 0.4109375 0.03671875 0.0357421875
1 0.87265625 0.371875 0.0421875 0.0328125
1 0.925 0.371875 0.04765625 0.03828125
1 0.97578125 0.484375 0.03984375 0.0396484375
1 0.81875 0.4765625 0.04140625 0.0359375
1 0.684375 0.528125 0.0484375 0.0388671875
1 0.109375 0.29296875 0.04296875 0.0390625
1 0.521875 0.290625 0.0447265625 0.0443359375
1 0.325 0.4484375 0.04375 0.03583984375
1 0.28828125 0.39453125 0.040625 0.040625
1 0.146875 0.3765625 0.0388671875 0.0408203125
1 0.1453125 0.421875 0.04296875 0.04287109375
1 0.97890625 0.37109375 0.0390625 0.0400390625
1 0.55625 0.428125 0.03349609375 0.03359375
1 0.5671875 0.37890625 0.037890625 0.03720703125
1 0.5609375 0.3390625 0.0375 0.0328125
1 0.60859375 0.3390625 0.03984375 0.0296875
1 0.6140625 0.37578125 0.04072265625 0.03427734375
1 0.6125 0.4265625 0.04296875 0.0296875
1 0.665625 0.421875 0.0318359375 0.032421875
1 0.6515625 0.33203125 0.041796875 0.0322265625
1 0.696875 0.3359375 0.03447265625 0.02578125
1 0.7375 0.33203125 0.0337890625 0.028125
1 0.79296875 0.334375 0.041015625 0.04091796875
1 0.778125 0.378125 0.0369140625 0.0359375
1 0.76171875 0.42109375 0.04375 0.0384765625
1 0.8109375 0.41796875 0.03515625 0.0365234375
1 0.84296875 0.33046875 0.0390625 0.0390625
1 0.70859375 0.41640625 0.032421875 0.032421875
0 0.696875 0.375 0.078125 0.0783203125
1 0.82890625 0.37109375 0.0390625 0.0298828125
1 0.85625 0.415625 0.0375 0.0375
1 0.89453125 0.33046875 0.03515625 0.03515625
1 0.91171875 0.415625 0.0421875 0.0333984375
0 0.7796875 0.95703125 0.071875 0.071875