1 0.7921875 0.146875 0.08984375 0.09140625
1 0.96953125 0.1609375 0.0609375 0.084375
1 0.30234375 0.225 0.0765625 0.0640625
1 0.4078125 0.03203125 0.046875 0.0640625
1 0.478125 0.359375 0.08359375 0.0853515625
1 0.04375 0.41953125 0.06953125 0.0578125
1 0.79453125 0.4765625 0.067578125 0.067578125
2 0.56171875 0.496875 0.092578125 0.0923828125
1 0.8296875 0.6609375 0.06640625 0.06640625
1 0.38359375 0.6765625 0.073828125 0.0728515625
1 0.10078125 0.70703125 0.091796875 0.0919921875
1 0.04921875 0.72578125 0.0984375 0.1015625
2 0.6421875 0.8234375 0.0890625 0.091015625