1 0.765625 0.57890625 0.066796875 0.06767578125
1 0.95078125 0.45546875 0.071875 0.0626953125
1 0.528125 0.3890625 0.07109375 0.07109375
1 0.525 0.4734375 0.07421875 0.07412109375
1 0.4140625 0.290625 0.07578125 0.0775390625
1 0.67265625 0.39140625 0.075 0.07587890625
1 0.8 0.3890625 0.06796875 0.06796875
1 0.96875 0.3828125 0.0625 0.0625
1 0.30234375 0.21796875 0.06796875 0.06796875
1 0.403125 0.03203125 0.0375 0.0640625
1 0.78125 0.14140625 0.1 0.1
1 0.965625 0.15390625 0.06875 0.0890625
1 0.05390625 0.7125 0.0625 0.11318359375
1 0.10546875 0.6890625 0.084375 0.084375
2 0.63125 0.809375 0.10390625 0.103515625
1 0.38359375 0.665625 0.070703125 0.07060546875
1 0.81640625 0.64296875 0.0640625 0.0546875