1 0.77890625 0.14453125 0.0484375 0.121875
1 0.975 0.15546875 0.028125 0.121875
1 0.421875 0.18359375 0.028125 0.11640625
1 0.303125 0.225 0.06875 0.05
1 0.4046875 0.03203125 0.028125 0.0640625
1 0.959375 0.3890625 0.078125 0.0609375
1 0.7546875 0.390625 0.06875 0.05
1 0.37578125 0.4 0.0671875 0.08359375
1 0.57578125 0.46796875 0.0671875 0.05546875
1 0.4171875 0.478125 0.06875 0.05859375
1 0.684375 0.496875 0.040625 0.121875
1 0.81640625 0.64296875 0.0609375 0.053125
1 0.38671875 0.665625 0.0671875 0.05859375
1 0.109375 0.6875 0.04375 0.1
1 0.05625 0.715625 0.05 0.10859375
2 0.63359375 0.803125 0.0390625 0.1390625