1 0.9609375 0.1515625 0.078125 0.09375
1 0.2984375 0.22578125 0.07734375 0.07734375
1 0.40234375 0.0328125 0.049609375 0.048828125
1 0.97109375 0.37265625 0.0578125 0.0671875
1 0.8625 0.3859375 0.07578125 0.0693359375
1 0.709375 0.40078125 0.08115234375 0.07412109375
1 0.515625 0.4015625 0.069140625 0.06875
1 0.3 0.415625 0.07265625 0.06015625
1 0.8 0.465625 0.075 0.07490234375
1 0.28125 0.49453125 0.0822265625 0.07578125
1 0.87109375 0.5484375 0.0796875 0.08046875
1 0.8171875 0.64375 0.0583984375 0.058984375
1 0.3828125 0.66484375 0.0720703125 0.071875
1 0.10390625 0.690625 0.04765625 0.1015625
1 0.053125 0.7125 0.08369140625 0.08193359375
2 0.6296875 0.80625 0.0376953125 0.1375
1 0.6828125 0.853125 0.0728515625 0.07265625
1 0.778125 0.134375 0.0662109375 0.12578125