1 0.70703125 0.47890625 0.0671875 0.046875
1 0.503125 0.3875 0.065625 0.075
2 0.475 0.5015625 0.096875 0.05859375
1 0.30234375 0.225 0.06875 0.05
1 0.40625 0.03203125 0.028125 0.0640625
1 0.79140625 0.146875 0.0484375 0.121875
1 0.98359375 0.1625 0.0296875 0.13046875
1 0.04765625 0.7140625 0.0515625 0.1109375
1 0.09921875 0.7 0.04375 0.10859375
2 0.63828125 0.81640625 0.0375 0.1390625
1 0.3828125 0.67109375 0.065625 0.05859375
1 0.825 0.65703125 0.0609375 0.05
1 0.11484375 0.41796875 0.0640625 0.046875