1 0.78359375 0.47890625 0.058203125 0.058203125
1 0.778125 0.4015625 0.0734375 0.0734375
1 0.90625 0.39609375 0.0828125 0.0689453125
1 0.46171875 0.490625 0.075390625 0.07529296875
1 0.9734375 0.3859375 0.053125 0.059375
1 0.30703125 0.2359375 0.06796875 0.06796875
1 0.4078125 0.04296875 0.0625 0.06328125
1 0.7765625 0.15859375 0.09921875 0.1
1 0.9625 0.165625 0.03671875 0.13193359375
1 0.06875 0.7125 0.090625 0.0904296875
1 0.11796875 0.69140625 0.06015625 0.10390625
2 0.63359375 0.8 0.06015625 0.139453125
1 0.38515625 0.6640625 0.06875 0.0677734375
1 0.81640625 0.64296875 0.06875 0.06171875