1 0.71484375 0.571875 0.095703125 0.09482421875
1 0.671875 0.465625 0.07265625 0.0716796875
1 0.58359375 0.39609375 0.0671875 0.0671875
1 0.42265625 0.478125 0.071875 0.0599609375
1 0.45546875 0.184375 0.086328125 0.08671875
1 0.41875 0.23046875 0.076171875 0.07685546875
1 0.7828125 0.390625 0.07890625 0.06005859375
1 0.96171875 0.3875 0.065234375 0.066015625
1 0.30234375 0.22109375 0.075 0.0578125
1 0.40390625 0.03203125 0.05390625 0.05390625
1 0.78046875 0.14296875 0.084375 0.08349609375
1 0.97734375 0.15703125 0.0296875 0.1298828125
1 0.05546875 0.7140625 0.094140625 0.0939453125
1 0.10703125 0.6875 0.0640625 0.10390625
2 0.63125 0.8109375 0.09453125 0.0943359375
1 0.384375 0.665625 0.0671875 0.06708984375
1 0.81640625 0.64296875 0.058203125 0.058203125