1 0.28359375 0.4890625 0.069921875 0.069921875
1 0.7484375 0.40859375 0.065234375 0.0662109375
2 0.084375 0.4984375 0.103125 0.0708984375
1 0.30078125 0.2234375 0.059375 0.06015625
1 0.4046875 0.03203125 0.046875 0.0640625
1 0.78671875 0.146875 0.07890625 0.12421875
1 0.971875 0.16015625 0.05625 0.1265625
1 0.04765625 0.715625 0.0703125 0.11474609375
1 0.10078125 0.6984375 0.090625 0.0896484375
2 0.6359375 0.8125 0.10546875 0.1052734375
1 0.3828125 0.66953125 0.07421875 0.0689453125
1 0.8234375 0.65546875 0.0603515625 0.059375
1 0.47265625 0.41796875 0.0640625 0.05078125