1 0.70703125 0.48046875 0.0703125 0.05
1 0.7890625 0.4 0.06875 0.053125
1 0.9203125 0.39609375 0.075 0.05859375
1 0.37890625 0.49140625 0.0734375 0.05546875
1 0.98671875 0.3875 0.0234375 0.0640625
1 0.30703125 0.2359375 0.06875 0.05
1 0.4078125 0.04140625 0.03125 0.078125
1 0.7765625 0.15859375 0.05 0.121875
1 0.9625 0.165625 0.028125 0.13046875
1 0.06796875 0.7125 0.0484375 0.10859375
1 0.11796875 0.69140625 0.04375 0.1
2 0.63359375 0.8 0.0375 0.1390625
1 0.38515625 0.6640625 0.0609375 0.05859375
1 0.81640625 0.64296875 0.0609375 0.05