1 0.68671875 0.6875 0.073828125 0.07294921875
1 0.21796875 0.421875 0.075 0.074609375
1 0.5109375 0.40703125 0.06875 0.0677734375
1 0.7984375 0.475 0.0708984375 0.0708984375
1 0.76640625 0.396875 0.06171875 0.0599609375
1 0.31015625 0.234375 0.07578125 0.0625
1 0.41171875 0.04453125 0.04296875 0.08525390625
1 0.77734375 0.15703125 0.0953125 0.0951171875
1 0.9578125 0.1640625 0.084375 0.09375
1 0.0703125 0.7125 0.06484375 0.11396484375
1 0.11953125 0.69140625 0.078125 0.078125
2 0.6359375 0.796875 0.09765625 0.098046875
1 0.38671875 0.6640625 0.069921875 0.06982421875
1 0.81640625 0.64296875 0.062109375 0.062109375