0 0.9671875 0.32890625 0.05625 0.04140625
1 0.96875 0.4109375 0.0390625 0.03359375
1 0.8734375 0.371875 0.0390625 0.028125
1 0.925 0.371875 0.04375 0.028125
1 0.90859375 0.471875 0.0375 0.03203125
1 0.7125 0.52734375 0.03828125 0.03203125
1 0.740625 0.475 0.040625 0.03359375
1 0.53046875 0.62890625 0.0359375 0.046875
1 0.63203125 0.48046875 0.0421875 0.03046875
1 0.4796875 0.45546875 0.0328125 0.028125
1 0.415625 0.4765625 0.0453125 0.0359375
1 0.28046875 0.440625 0.0421875 0.03359375
1 0.2984375 0.38984375 0.04296875 0.034375
1 0.1375 0.41953125 0.04375 0.03359375
1 0.13046875 0.36796875 0.0453125 0.03359375
1 0.05234375 0.415625 0.0515625 0.03359375
1 0.8875 0.28046875 0.040625 0.0359375
1 0.97890625 0.371875 0.0390625 0.02890625
1 0.55546875 0.4265625 0.0328125 0.028125
1 0.56640625 0.37890625 0.0375 0.03046875
1 0.56015625 0.3390625 0.0359375 0.028125
1 0.6078125 0.3375 0.0375 0.028125
1 0.61328125 0.3734375 0.0390625 0.03046875
1 0.61171875 0.425 0.040625 0.028125
1 0.6640625 0.42109375 0.0375 0.025
1 0.6515625 0.33203125 0.0390625 0.03046875
1 0.696875 0.334375 0.034375 0.025
1 0.7375 0.33046875 0.0328125 0.025
1 0.79296875 0.334375 0.0390625 0.03203125
1 0.778125 0.378125 0.0390625 0.03046875
1 0.7609375 0.42109375 0.03984375 0.03046875
1 0.81015625 0.41796875 0.0390625 0.03046875
1 0.8421875 0.32890625 0.0375 0.03046875
1 0.70859375 0.41640625 0.0359375 0.028125
0 0.696875 0.375 0.09921875 0.04453125
1 0.82890625 0.37109375 0.0390625 0.03046875
1 0.85625 0.415625 0.040625 0.028125
1 0.89375 0.32890625 0.0375 0.03046875
1 0.91171875 0.415625 0.040625 0.03046875
0 0.7796875 0.95703125 0.053125 0.078125