1 0.78203125 0.15390625 0.092578125 0.092578125
1 0.9625 0.1609375 0.075 0.090625
1 0.30625 0.2359375 0.06875 0.06875
1 0.41328125 0.35859375 0.09609375 0.0958984375
1 0.40859375 0.03984375 0.0453125 0.0796875
1 0.08125 0.4234375 0.07734375 0.06875
1 0.19765625 0.4984375 0.069140625 0.068359375
1 0.0328125 0.50703125 0.060546875 0.0615234375
1 0.81953125 0.653125 0.06875 0.06015625
1 0.38671875 0.67109375 0.06875 0.0697265625
1 0.11328125 0.696875 0.059375 0.1162109375
1 0.06171875 0.71640625 0.08828125 0.0884765625
2 0.6359375 0.8140625 0.0671875 0.141015625