1 0.778125 0.578125 0.07578125 0.0755859375
1 0.9828125 0.45546875 0.034375 0.0421875
1 0.515625 0.3875 0.0646484375 0.065625
1 0.5734375 0.4734375 0.07109375 0.06943359375
1 0.41796875 0.315625 0.0859375 0.08603515625
1 0.659375 0.39296875 0.084375 0.06806640625
1 0.77890625 0.390625 0.060546875 0.059765625
1 0.94609375 0.384375 0.074609375 0.07373046875
1 0.30234375 0.21953125 0.07265625 0.05546875
1 0.403125 0.03203125 0.052734375 0.052734375
1 0.78203125 0.14140625 0.06796875 0.12578125
1 0.96484375 0.15390625 0.0703125 0.0890625
1 0.05390625 0.7125 0.06640625 0.11396484375
1 0.1046875 0.6890625 0.07421875 0.07421875
2 0.63046875 0.809375 0.0890625 0.088671875
1 0.38359375 0.665625 0.065234375 0.0642578125
1 0.81640625 0.64296875 0.059765625 0.059765625