1 0.75078125 0.478125 0.075 0.06484375
1 0.48984375 0.3765625 0.076171875 0.07529296875
2 0.51796875 0.5 0.087890625 0.08857421875
1 0.30234375 0.225 0.0703125 0.0703125
1 0.40703125 0.03203125 0.05234375 0.05234375
1 0.7921875 0.146875 0.08828125 0.08984375
1 0.96875 0.16171875 0.0625 0.0859375
1 0.04765625 0.7140625 0.085546875 0.08671875
1 0.09921875 0.7 0.09140625 0.0912109375
2 0.63828125 0.81640625 0.105859375 0.105859375
1 0.3828125 0.671875 0.07421875 0.0685546875
1 0.82578125 0.65703125 0.06640625 0.0578125
1 0.07890625 0.41796875 0.065234375 0.065234375