1 0.8453125 0.55859375 0.06875 0.0640625
1 0.4484375 0.2 0.0296875 0.1109375
1 0.5453125 0.4734375 0.0640625 0.06953125
1 0.56484375 0.4 0.0765625 0.05859375
1 0.68203125 0.39609375 0.0734375 0.05
1 0.80234375 0.39453125 0.0765625 0.05546875
1 0.940625 0.38359375 0.065625 0.05546875
1 0.30234375 0.22109375 0.06875 0.046875
1 0.40234375 0.03203125 0.0296875 0.0640625
1 0.78046875 0.1375 0.0484375 0.11953125
1 0.97421875 0.153125 0.028125 0.13359375
1 0.05234375 0.7125 0.0515625 0.10859375
1 0.103125 0.6890625 0.04375 0.1
2 0.6296875 0.80703125 0.0375 0.1359375
1 0.3828125 0.6640625 0.065625 0.05859375
1 0.81640625 0.64296875 0.0609375 0.05