1 0.765625 0.57890625 0.073828125 0.07392578125
1 0.95078125 0.45546875 0.0671875 0.0564453125
1 0.528125 0.3890625 0.07109375 0.07109375
1 0.525 0.4734375 0.0671875 0.0669921875
1 0.4140625 0.290625 0.08046875 0.0814453125
1 0.67265625 0.39140625 0.08828125 0.0767578125
1 0.8 0.3890625 0.06640625 0.06640625
1 0.96796875 0.3828125 0.0640625 0.06875
1 0.30234375 0.21796875 0.06796875 0.06796875
1 0.403125 0.03203125 0.055078125 0.055078125
1 0.78125 0.14140625 0.090625 0.08984375
1 0.9671875 0.15390625 0.065625 0.0828125
1 0.05390625 0.7125 0.096484375 0.0962890625
1 0.10546875 0.6890625 0.08125 0.08125
2 0.63125 0.809375 0.09921875 0.098828125
1 0.38359375 0.665625 0.069921875 0.06904296875
1 0.81640625 0.64296875 0.066015625 0.066015625