1 0.534375 0.4859375 0.0662109375 0.06640625
1 0.571875 0.40859375 0.06875 0.0677734375
2 0.309375 0.50390625 0.091796875 0.0919921875
1 0.3015625 0.2234375 0.0703125 0.0703125
1 0.40625 0.03203125 0.046484375 0.046484375
1 0.78984375 0.146875 0.05 0.12265625
1 0.96875 0.1609375 0.0625 0.084375
1 0.046875 0.71484375 0.09375 0.0953125
1 0.1 0.7 0.05078125 0.114453125
2 0.6375 0.8140625 0.10625 0.105859375
1 0.3828125 0.67109375 0.073046875 0.0732421875
1 0.825 0.65546875 0.0669921875 0.0671875
1 0.25546875 0.4140625 0.0703125 0.0587890625