1 0.7921875 0.146875 0.10234375 0.10234375
1 0.97109375 0.16171875 0.0578125 0.0828125
1 0.30234375 0.225 0.0765625 0.06640625
1 0.40859375 0.03203125 0.0484375 0.0484375
1 0.478125 0.359375 0.08359375 0.0853515625
1 0.04375 0.41953125 0.0671875 0.05390625
1 0.79453125 0.4765625 0.06796875 0.0484375
2 0.56171875 0.496875 0.080078125 0.08076171875
1 0.8296875 0.6609375 0.05625 0.05625
1 0.38359375 0.6765625 0.076171875 0.07529296875
1 0.10078125 0.70703125 0.075 0.10791015625
1 0.0484375 0.7265625 0.08203125 0.12734375
2 0.6421875 0.8234375 0.0859375 0.0876953125