1 0.68046875 0.5984375 0.0359375 0.10859375
1 0.55078125 0.40859375 0.075 0.0609375
1 0.7640625 0.396875 0.0671875 0.05859375
1 0.5703125 0.47890625 0.0703125 0.05859375
1 0.95234375 0.390625 0.0609375 0.053125
1 0.309375 0.23359375 0.06875 0.05
1 0.4109375 0.04453125 0.03125 0.08359375
1 0.778125 0.153125 0.04375 0.121875
1 0.96640625 0.165625 0.028125 0.13046875
1 0.0703125 0.7125 0.046875 0.10859375
1 0.11953125 0.69140625 0.04375 0.1
2 0.63515625 0.796875 0.0375 0.1390625
1 0.38671875 0.6640625 0.0578125 0.05859375
1 0.81640625 0.64296875 0.0609375 0.05