1 0.78125 0.15390625 0.0974609375 0.0984375
1 0.96015625 0.16640625 0.0796875 0.0953125
1 0.30625 0.2359375 0.07578125 0.06171875
1 0.40546875 0.03984375 0.065625 0.06552734375
1 0.775 0.38984375 0.07119140625 0.07109375
1 0.934375 0.396875 0.0619140625 0.06171875
1 0.01875 0.43125 0.0375 0.05625
1 0.78828125 0.47890625 0.071875 0.06484375
1 0.2828125 0.49453125 0.0724609375 0.0724609375
1 0.56953125 0.5015625 0.068359375 0.0673828125
1 0.0578125 0.503125 0.07646484375 0.06552734375
1 0.81875 0.65234375 0.06591796875 0.066015625
1 0.38671875 0.6671875 0.072265625 0.072265625
1 0.11171875 0.6921875 0.0890625 0.08916015625
1 0.0640625 0.71640625 0.05556640625 0.10947265625
2 0.634375 0.81015625 0.10087890625 0.10078125