1 0.75078125 0.478125 0.0671875 0.05
1 0.48984375 0.3765625 0.0640625 0.08046875
2 0.51796875 0.5 0.0984375 0.05546875
1 0.30234375 0.225 0.06875 0.05
1 0.40703125 0.03203125 0.0296875 0.0640625
1 0.7921875 0.146875 0.05 0.121875
1 0.98359375 0.1625 0.0296875 0.13046875
1 0.04765625 0.7140625 0.0515625 0.1109375
1 0.09921875 0.7 0.04375 0.10859375
2 0.63828125 0.81640625 0.0375 0.1390625
1 0.3828125 0.671875 0.065625 0.05859375
1 0.82578125 0.65703125 0.0609375 0.05
1 0.07890625 0.41796875 0.0640625 0.046875