1 0.78125 0.15390625 0.0849609375 0.0859375
1 0.96953125 0.16640625 0.0609375 0.1296875
1 0.30625 0.2359375 0.06171875 0.06171875
1 0.40546875 0.03984375 0.0640625 0.0638671875
1 0.775 0.38984375 0.0845703125 0.07421875
1 0.934375 0.396875 0.0712890625 0.07109375
1 0.01875 0.43203125 0.0375 0.0453125
1 0.78828125 0.47890625 0.066015625 0.066015625
1 0.2828125 0.49453125 0.07431640625 0.06650390625
1 0.56953125 0.5015625 0.07578125 0.073828125
1 0.0578125 0.503125 0.07880859375 0.07880859375
1 0.81875 0.65234375 0.0681640625 0.068359375
1 0.38671875 0.6671875 0.07734375 0.071875
1 0.11171875 0.6921875 0.0875 0.08759765625
1 0.0640625 0.71640625 0.08486328125 0.08486328125
2 0.634375 0.81015625 0.10478515625 0.1046875