1 0.70703125 0.48046875 0.0703125 0.05
1 0.7890625 0.4 0.07578125 0.0640625
1 0.9203125 0.39609375 0.068359375 0.0693359375
1 0.37890625 0.49140625 0.071875 0.07197265625
1 0.9796875 0.38671875 0.040625 0.0484375
1 0.30703125 0.2359375 0.075 0.0609375
1 0.4078125 0.04140625 0.06328125 0.06328125
1 0.7765625 0.15859375 0.08984375 0.090625
1 0.9625 0.165625 0.05859375 0.12880859375
1 0.06796875 0.7125 0.07109375 0.11396484375
1 0.11796875 0.69140625 0.071875 0.071875
2 0.63359375 0.8 0.0953125 0.0955078125
1 0.38515625 0.6640625 0.069921875 0.06982421875
1 0.81640625 0.64296875 0.066015625 0.066015625