1 0.8828125 0.48203125 0.0609375 0.04453125
1 0.7296875 0.48046875 0.07578125 0.04453125
1 0.4421875 0.0828125 0.02734375 0.11796875
1 0.30625 0.23671875 0.06875 0.0484375
1 0.40859375 0.03984375 0.0296875 0.07890625
1 0.784375 0.153125 0.04921875 0.12109375
1 0.97578125 0.16328125 0.028125 0.13203125
1 0.065625 0.7171875 0.05078125 0.10703125
1 0.11640625 0.69921875 0.04375 0.10390625
2 0.63671875 0.82265625 0.0375 0.1375
1 0.384375 0.66953125 0.06640625 0.05859375
1 0.82265625 0.653125 0.0609375 0.05