1 0.88359375 0.540625 0.0703125 0.071875
1 0.97578125 0.459375 0.0453125 0.05859375
1 0.059375 0.4234375 0.078125 0.05859375
1 0.37734375 0.4109375 0.0734375 0.05
1 0.60078125 0.40390625 0.0765625 0.05546875
1 0.81953125 0.3890625 0.065625 0.05546875
1 0.94765625 0.37890625 0.0671875 0.05859375
1 0.46328125 0.49140625 0.0765625 0.0609375
1 0.68359375 0.76953125 0.0359375 0.1109375
1 0.30234375 0.2234375 0.06875 0.046875
1 0.403125 0.0328125 0.0296875 0.065625
1 0.77890625 0.1359375 0.0484375 0.121875
1 0.9703125 0.153125 0.028125 0.13359375
1 0.0546875 0.7109375 0.05 0.10546875
1 0.10546875 0.6890625 0.04375 0.1
2 0.6296875 0.80546875 0.0375 0.1390625
1 0.3828125 0.6640625 0.065625 0.05859375
1 0.81640625 0.64296875 0.0609375 0.05