0 0.96796875 0.32890625 0.058203125 0.0580078125
1 0.96953125 0.4109375 0.041796875 0.04169921875
1 0.8734375 0.371875 0.043359375 0.034375
1 0.84765625 0.4765625 0.0359375 0.0359375
1 0.925 0.37265625 0.0451171875 0.0326171875
1 0.74375 0.4734375 0.04140625 0.0412109375
0 0.6796875 0.53046875 0.062890625 0.06279296875
1 0.546875 0.50703125 0.03759765625 0.03291015625
1 0.56953125 0.46796875 0.04375 0.03837890625
1 0.39609375 0.49609375 0.04296875 0.0443359375
1 0.46015625 0.44609375 0.040234375 0.04033203125
1 0.31328125 0.3984375 0.03359375 0.0265625
1 0.26640625 0.43359375 0.046875 0.04697265625
1 0.1546875 0.41953125 0.04453125 0.0443359375
1 0.11953125 0.36640625 0.04609375 0.03837890625
1 0.55546875 0.425 0.0359375 0.03203125
1 0.56640625 0.37890625 0.0375 0.02978515625
1 0.56015625 0.3390625 0.036328125 0.035546875
1 0.6078125 0.3375 0.0416015625 0.0359375
1 0.61328125 0.3734375 0.037109375 0.03623046875
1 0.61171875 0.4234375 0.04140625 0.04130859375
1 0.6640625 0.41953125 0.0359375 0.03515625
1 0.6515625 0.33203125 0.0443359375 0.03759765625
1 0.696875 0.33359375 0.03212890625 0.03125
1 0.7375 0.33046875 0.0314453125 0.03125
1 0.79296875 0.334375 0.04296875 0.0369140625
1 0.778125 0.3765625 0.0369140625 0.03662109375
1 0.76015625 0.42109375 0.041796875 0.04189453125
1 0.81015625 0.41796875 0.0359375 0.0369140625
1 0.8421875 0.32890625 0.040234375 0.04033203125
1 0.70859375 0.41640625 0.033203125 0.033203125
0 0.696875 0.3734375 0.10390625 0.0580078125
1 0.82890625 0.37109375 0.034375 0.03525390625
1 0.85625 0.415625 0.040625 0.040625
1 0.89375 0.32890625 0.036328125 0.03642578125
1 0.91171875 0.415625 0.04453125 0.0373046875
0 0.7796875 0.95703125 0.065625 0.065625