1 0.94921875 0.50390625 0.08359375 0.08359375
1 0.01953125 0.428125 0.0390625 0.053125
1 0.309375 0.42109375 0.06953125 0.0685546875
1 0.6546875 0.396875 0.06953125 0.06083984375
1 0.86484375 0.384375 0.075390625 0.07529296875
1 0.75078125 0.48046875 0.08046875 0.08046875
1 0.95625 0.384375 0.078125 0.0779296875
1 0.69609375 0.6265625 0.074609375 0.0736328125
1 0.3015625 0.225 0.07265625 0.05546875
1 0.4046875 0.03359375 0.057421875 0.05732421875
1 0.7796875 0.1390625 0.0953125 0.0953125
1 0.96015625 0.1546875 0.0796875 0.09375
1 0.0578125 0.7109375 0.065625 0.1107421875
1 0.11015625 0.6890625 0.0859375 0.0859375
2 0.63046875 0.80546875 0.090234375 0.090234375
1 0.3828125 0.6640625 0.06640625 0.0662109375
1 0.81640625 0.64296875 0.066015625 0.066015625