1 0.96875 0.46953125 0.059375 0.05
1 0.64375 0.5625 0.059375 0.10546875
1 0.74140625 0.39140625 0.075 0.05859375
1 0.40390625 0.48203125 0.065625 0.05546875
1 0.87890625 0.39609375 0.071875 0.05
1 0.16953125 0.49453125 0.0703125 0.05546875
1 0.3046875 0.23359375 0.06875 0.05
1 0.4046875 0.03828125 0.0296875 0.0765625
1 0.78046875 0.1515625 0.0484375 0.11953125
1 0.96953125 0.1640625 0.028125 0.13359375
1 0.05859375 0.715625 0.0515625 0.10859375
1 0.1109375 0.690625 0.04375 0.103125
2 0.63359375 0.815625 0.0375 0.1359375
1 0.3859375 0.665625 0.065625 0.05859375
1 0.8171875 0.65 0.0609375 0.05