1 0.8890625 0.5359375 0.06875 0.071875
1 0.3078125 0.415625 0.075 0.05
1 0.54609375 0.40703125 0.0734375 0.05546875
1 0.7953125 0.390625 0.065625 0.053125
1 0.93046875 0.38046875 0.0671875 0.05546875
1 0.52109375 0.4890625 0.0765625 0.0609375
1 0.6859375 0.74140625 0.034375 0.1109375
1 0.30234375 0.2234375 0.06875 0.046875
1 0.403125 0.0328125 0.0296875 0.065625
1 0.77890625 0.1359375 0.0484375 0.121875
1 0.9703125 0.15390625 0.028125 0.13046875
1 0.05546875 0.7109375 0.0515625 0.10546875
1 0.10703125 0.6890625 0.04375 0.1
2 0.63046875 0.80546875 0.0375 0.1390625
1 0.3828125 0.6640625 0.065625 0.05859375
1 0.81640625 0.64296875 0.0609375 0.05