1 0.8296875 0.56796875 0.06875 0.05859375
1 0.45859375 0.29296875 0.0390625 0.103125
1 0.9109375 0.46796875 0.06875 0.05859375
1 0.48984375 0.45859375 0.0609375 0.08359375
1 0.5984375 0.4 0.071875 0.05859375
1 0.70859375 0.396875 0.0734375 0.05
1 0.8265625 0.39609375 0.0765625 0.05546875
1 0.9734375 0.38203125 0.05 0.053125
1 0.30234375 0.22109375 0.06875 0.046875
1 0.40234375 0.03203125 0.0296875 0.0640625
1 0.78203125 0.140625 0.0484375 0.11953125
1 0.975 0.153125 0.028125 0.13359375
1 0.05234375 0.7125 0.0515625 0.10859375
1 0.103125 0.6890625 0.04375 0.1
2 0.63046875 0.80859375 0.0375 0.1390625
1 0.3828125 0.6640625 0.065625 0.05859375
1 0.81640625 0.64296875 0.0609375 0.05