1 0.79296875 0.146875 0.095703125 0.095703125
1 0.96875 0.1609375 0.0625 0.0875
1 0.30234375 0.225 0.07109375 0.07109375
1 0.40703125 0.03203125 0.05625 0.05625
1 0.4703125 0.340625 0.09140625 0.090625
1 0.02265625 0.4203125 0.0453125 0.05625
1 0.8328125 0.478125 0.07578125 0.07568359375
2 0.60390625 0.49609375 0.09296875 0.0939453125
1 0.8296875 0.6640625 0.06171875 0.06171875
1 0.3859375 0.678125 0.068359375 0.066015625
1 0.09921875 0.7015625 0.0875 0.0873046875
1 0.04921875 0.7234375 0.089453125 0.090234375
2 0.64140625 0.8234375 0.103515625 0.10390625