1 0.053125 0.4265625 0.0765625 0.0640625
1 0.40859375 0.375 0.09765625 0.0978515625
1 0.228125 0.4984375 0.0732421875 0.0734375
1 0.06015625 0.50703125 0.0734375 0.0736328125
1 0.30625 0.2359375 0.07109375 0.05390625
1 0.409375 0.03984375 0.05625 0.0556640625
1 0.78203125 0.153125 0.094140625 0.093359375
1 0.965625 0.1609375 0.06875 0.08125
1 0.06171875 0.715625 0.059375 0.11240234375
1 0.11328125 0.696875 0.04765625 0.11083984375
2 0.634375 0.81796875 0.05 0.1375
1 0.38515625 0.66640625 0.0671875 0.0681640625
1 0.81953125 0.6515625 0.06953125 0.0625