1 0.9484375 0.5265625 0.03994140625 0.03662109375
0 0.96796875 0.328125 0.05859375 0.05869140625
1 0.9390625 0.4734375 0.040625 0.04052734375
1 0.840625 0.4765625 0.0380859375 0.03818359375
1 0.58984375 0.4734375 0.046875 0.0392578125
1 0.97109375 0.41015625 0.04296875 0.0373046875
1 0.87421875 0.371875 0.039453125 0.04033203125
1 0.17890625 0.29140625 0.046875 0.04072265625
1 0.66484375 0.2875 0.0484375 0.0451171875
1 0.96796875 0.27890625 0.046875 0.046875
1 0.3765625 0.465625 0.04140625 0.0412109375
1 0.41015625 0.421875 0.0375 0.0373046875
1 0.22578125 0.3859375 0.046875 0.0396484375
1 0.27890625 0.44140625 0.04296875 0.0375
1 0.0984375 0.37109375 0.0392578125 0.0396484375
1 0.5546875 0.421875 0.0373046875 0.0375
1 0.56640625 0.3765625 0.03984375 0.03427734375
1 0.55859375 0.3375 0.036328125 0.036328125
1 0.60703125 0.3359375 0.040234375 0.040234375
1 0.6125 0.37109375 0.037109375 0.0365234375
1 0.61171875 0.421875 0.0390625 0.0388671875
1 0.66328125 0.41796875 0.0359375 0.0359375
1 0.65078125 0.33046875 0.04140625 0.0416015625
1 0.696875 0.33203125 0.03603515625 0.0265625
1 0.73671875 0.32890625 0.030078125 0.030078125
1 0.7921875 0.33203125 0.0416015625 0.04189453125
1 0.778125 0.3765625 0.041015625 0.0404296875
1 0.75859375 0.42109375 0.03984375 0.0400390625
1 0.809375 0.41640625 0.0419921875 0.04189453125
1 0.8421875 0.328125 0.04140625 0.0357421875
1 0.70703125 0.4140625 0.037890625 0.037890625
0 0.696875 0.3734375 0.0859375 0.08603515625
1 0.82890625 0.3703125 0.039453125 0.0396484375
1 0.85625 0.415625 0.034375 0.034375
1 0.89296875 0.328125 0.03359375 0.03359375
1 0.9109375 0.415625 0.040625 0.04052734375
0 0.77734375 0.95703125 0.067578125 0.06767578125