1 0.01953125 0.6296875 0.0390625 0.040625
1 0.36484375 0.8640625 0.05390625 0.05390625
1 0.34296875 0.70234375 0.04140625 0.04052734375
1 0.44140625 0.7421875 0.04453125 0.04453125
1 0.20234375 0.4625 0.0359375 0.0369140625
1 0.4203125 0.74921875 0.0212890625 0.0421875
1 0.2109375 0.521875 0.02890625 0.0287109375
1 0.20703125 0.57578125 0.034765625 0.0349609375
1 0.24453125 0.5359375 0.0361328125 0.0365234375
1 0.2375 0.5828125 0.0427734375 0.04462890625
1 0.1125 0.96015625 0.045703125 0.044921875
1 0.271875 0.596875 0.03515625 0.05068359375
1 0.30234375 0.6046875 0.033984375 0.0333984375
1 0.275 0.53828125 0.0255859375 0.046875
1 0.303125 0.478125 0.03828125 0.055859375
1 0.359375 0.49921875 0.0380859375 0.03779296875
1 0.39765625 0.50078125 0.0349609375 0.0564453125
1 0.421875 0.5078125 0.03359375 0.03349609375
1 0.45078125 0.51015625 0.03662109375 0.03662109375
1 0.49453125 0.51640625 0.02802734375 0.0484375
1 0.69140625 0.171875 0.04345703125 0.0431640625
1 0.7671875 0.24921875 0.0203125 0.0765625
1 0.68359375 0.809375 0.034765625 0.0345703125
1 0.7046875 0.809375 0.0365234375 0.036328125
1 0.7296875 0.81171875 0.03408203125 0.03388671875
1 0.76015625 0.8140625 0.0234375 0.046875
1 0.78671875 0.81875 0.02890625 0.0455078125
1 0.80859375 0.82421875 0.0203125 0.04296875
1 0.9828125 0.525 0.034375 0.0375
1 0.96328125 0.5234375 0.0224609375 0.041796875
1 0.93671875 0.51875 0.0310546875 0.03125
1 0.9125 0.51640625 0.0337890625 0.03466796875
1 0.8875 0.51015625 0.0388671875 0.0376953125
1 0.859375 0.50703125 0.0369140625 0.0376953125
1 0.83125 0.503125 0.0369140625 0.036328125
1 0.76484375 0.4953125 0.02119140625 0.04462890625
1 0.625 0.48828125 0.028515625 0.0294921875
1 0.60546875 0.48828125 0.0173828125 0.0400390625
1 0.5828125 0.48125 0.040625 0.04150390625
1 0.55703125 0.48359375 0.03046875 0.04072265625
1 0.53515625 0.478125 0.02998046875 0.02939453125
1 0.5140625 0.4734375 0.024609375 0.0353515625
1 0.4890625 0.4671875 0.02490234375 0.04765625
1 0.46171875 0.4625 0.0287109375 0.0455078125
1 0.4375 0.46015625 0.037109375 0.0369140625
1 0.41484375 0.4546875 0.0259765625 0.04765625
1 0.390625 0.45078125 0.0203125 0.04599609375
1 0.36796875 0.446875 0.0333984375 0.03359375
1 0.3453125 0.44296875 0.036328125 0.03623046875
1 0.32265625 0.4375 0.0212890625 0.0412109375
1 0.25703125 0.7 0.0365234375 0.0365234375
0 0.2546875 0.45546875 0.06083984375 0.10244140625