1 0.01953125 0.63046875 0.01953125 0.04921875
1 0.36484375 0.8640625 0.009375 0.08125
1 0.34296875 0.70234375 0.0234375 0.05078125
1 0.44140625 0.7421875 0.021875 0.053125
1 0.20234375 0.4625 0.021875 0.04453125
1 0.4203125 0.74921875 0.01328125 0.0421875
1 0.2109375 0.521875 0.01875 0.03984375
1 0.20703125 0.57578125 0.01875 0.04921875
1 0.24453125 0.5359375 0.01640625 0.04453125
1 0.2375 0.5828125 0.0234375 0.06015625
1 0.1125 0.96015625 0.009375 0.0765625
1 0.271875 0.596875 0.021875 0.04921875
1 0.30234375 0.6046875 0.0171875 0.0421875
1 0.275 0.53828125 0.0234375 0.046875
1 0.303125 0.478125 0.021875 0.0578125
1 0.359375 0.49921875 0.0203125 0.04453125
1 0.39765625 0.50078125 0.02265625 0.05546875
1 0.421875 0.5078125 0.015625 0.03984375
1 0.45078125 0.51015625 0.01953125 0.04453125
1 0.49453125 0.51640625 0.02265625 0.046875
1 0.69140625 0.171875 0.00859375 0.0671875
1 0.7671875 0.24921875 0.01875 0.0765625
1 0.68359375 0.809375 0.0171875 0.0421875
1 0.7046875 0.809375 0.01796875 0.0421875
1 0.7296875 0.81171875 0.01640625 0.04453125
1 0.76015625 0.8140625 0.021875 0.046875
1 0.78671875 0.81875 0.0203125 0.04453125
1 0.80859375 0.82421875 0.0171875 0.0421875
1 0.9859375 0.5265625 0.01796875 0.046875
1 0.96328125 0.5234375 0.01953125 0.0421875
1 0.93671875 0.51875 0.01796875 0.0421875
1 0.9125 0.51640625 0.0171875 0.04453125
1 0.8875 0.51015625 0.02265625 0.05078125
1 0.859375 0.50703125 0.01796875 0.04453125
1 0.83125 0.503125 0.01953125 0.0421875
1 0.76484375 0.4953125 0.01796875 0.04453125
1 0.625 0.48828125 0.01875 0.03984375
1 0.60546875 0.48828125 0.01484375 0.03984375
1 0.5828125 0.48125 0.021875 0.05078125
1 0.55703125 0.48359375 0.0203125 0.03984375
1 0.53515625 0.478125 0.01328125 0.04453125
1 0.5140625 0.4734375 0.0171875 0.03515625
1 0.4890625 0.4671875 0.02109375 0.046875
1 0.46171875 0.4625 0.01953125 0.04453125
1 0.4375 0.46015625 0.01875 0.04453125
1 0.41484375 0.4546875 0.01796875 0.046875
1 0.390625 0.45078125 0.015625 0.04453125
1 0.36796875 0.446875 0.01796875 0.0421875
1 0.3453125 0.44296875 0.015625 0.04453125
1 0.32265625 0.4375 0.01796875 0.03984375
1 0.25703125 0.7 0.01796875 0.04453125
0 0.2546875 0.45546875 0.05859375 0.10234375