1 0.040625 0.6078125 0.01875 0.0421875
1 0.009375 0.5921875 0.0171875 0.03515625
1 0.0859375 0.10078125 0.00859375 0.08359375
1 0.475 0.65546875 0.01875 0.0421875
1 0.940625 0.6578125 0.0234375 0.03984375
1 0.96640625 0.71171875 0.021875 0.0421875
1 0.19453125 0.42109375 0.0203125 0.0375
1 0.9453125 0.7140625 0.01171875 0.03046875
1 0.1984375 0.47109375 0.01875 0.03984375
1 0.19296875 0.5328125 0.01953125 0.0375
1 0.23515625 0.48359375 0.015625 0.03515625
1 0.228125 0.53359375 0.021875 0.03984375
1 0.11171875 0.93515625 0.01015625 0.090625
1 0.26796875 0.54296875 0.02109375 0.0328125
1 0.30078125 0.54453125 0.0171875 0.0375
1 0.2703125 0.48125 0.02421875 0.0421875
1 0.3015625 0.42109375 0.021875 0.0421875
1 0.3578125 0.43046875 0.02109375 0.0375
1 0.39609375 0.4328125 0.02265625 0.04453125
1 0.41953125 0.4375 0.01484375 0.0421875
1 0.44921875 0.4359375 0.0203125 0.0375
1 0.4921875 0.43828125 0.02265625 0.03984375
1 0.68828125 0.05234375 0.01015625 0.0765625
1 0.765625 0.146875 0.01875 0.0765625
1 0.68203125 0.73984375 0.01796875 0.03984375
1 0.703125 0.7421875 0.01796875 0.0375
1 0.728125 0.74453125 0.015625 0.0421875
1 0.75859375 0.7421875 0.02265625 0.03515625
1 0.78515625 0.74453125 0.01953125 0.0375
1 0.80703125 0.74765625 0.0171875 0.0375
1 0.83203125 0.74921875 0.01953125 0.0375
1 0.9390625 0.75546875 0.01640625 0.03515625
1 0.959375 0.75703125 0.0171875 0.03515625
1 0.984375 0.43125 0.01953125 0.0328125
1 0.96171875 0.4265625 0.01953125 0.03515625
1 0.9359375 0.42421875 0.01953125 0.03515625
1 0.91015625 0.42109375 0.0171875 0.0375
1 0.88671875 0.42109375 0.021875 0.0375
1 0.8578125 0.42109375 0.01640625 0.03515625
1 0.8296875 0.4140625 0.01953125 0.0375
1 0.76328125 0.403125 0.01875 0.0328125
1 0.62265625 0.4 0.01953125 0.03515625
1 0.603125 0.40078125 0.0171875 0.03515625
1 0.58125 0.39765625 0.02109375 0.03984375
1 0.5546875 0.396875 0.01875 0.03515625
1 0.53359375 0.39453125 0.0125 0.0328125
1 0.51171875 0.3921875 0.015625 0.0328125
1 0.4875 0.39296875 0.0203125 0.0375
1 0.459375 0.38984375 0.01953125 0.03046875
1 0.4359375 0.3859375 0.01796875 0.0328125
1 0.4125 0.3875 0.0171875 0.03046875
1 0.3890625 0.38515625 0.015625 0.0328125
1 0.36640625 0.38125 0.01796875 0.03515625
1 0.34296875 0.378125 0.015625 0.0328125
1 0.32109375 0.3765625 0.01796875 0.0328125
1 0.7578125 0.6453125 0.0171875 0.0375
0 0.253125 0.4140625 0.0578125 0.06953125