1 0.01953125 0.63046875 0.0326171875 0.0494140625
1 0.36484375 0.8640625 0.0140625 0.08125
1 0.34296875 0.70234375 0.03125 0.0537109375
1 0.44140625 0.7421875 0.0359375 0.053125
1 0.20234375 0.4625 0.0328125 0.0337890625
1 0.4203125 0.74921875 0.0205078125 0.0421875
1 0.2109375 0.521875 0.028125 0.0419921875
1 0.20703125 0.57578125 0.033203125 0.0333984375
1 0.24453125 0.5359375 0.03623046875 0.03642578125
1 0.2375 0.5828125 0.047265625 0.0486328125
1 0.1125 0.96015625 0.044140625 0.043359375
1 0.271875 0.596875 0.03671875 0.03505859375
1 0.30234375 0.6046875 0.033203125 0.0333984375
1 0.275 0.53828125 0.028515625 0.0484375
1 0.303125 0.478125 0.046875 0.0470703125
1 0.359375 0.49921875 0.034375 0.0345703125
1 0.39765625 0.50078125 0.0443359375 0.0447265625
1 0.421875 0.5078125 0.0328125 0.0326171875
1 0.45078125 0.51015625 0.0287109375 0.0466796875
1 0.49453125 0.51640625 0.03935546875 0.039453125
1 0.69140625 0.171875 0.04501953125 0.0447265625
1 0.7671875 0.24921875 0.052734375 0.052734375
1 0.68359375 0.809375 0.035546875 0.03515625
1 0.7046875 0.809375 0.03193359375 0.0318359375
1 0.7296875 0.81171875 0.0365234375 0.0361328125
1 0.76015625 0.8140625 0.03828125 0.03828125
1 0.78671875 0.81875 0.037890625 0.03798828125
1 0.80859375 0.82421875 0.02421875 0.04375
1 0.984375 0.52578125 0.03125 0.0453125
1 0.96328125 0.5234375 0.0255859375 0.042578125
1 0.93671875 0.51875 0.0349609375 0.034375
1 0.9125 0.51640625 0.0353515625 0.03544921875
1 0.8875 0.51015625 0.04267578125 0.04248046875
1 0.859375 0.50703125 0.0216796875 0.0458984375
1 0.83125 0.503125 0.03212890625 0.0318359375
1 0.76484375 0.4953125 0.02119140625 0.04462890625
1 0.625 0.48828125 0.025 0.0408203125
1 0.60546875 0.48828125 0.0283203125 0.0283203125
1 0.5828125 0.48125 0.0296875 0.0517578125
1 0.55703125 0.48359375 0.0296875 0.02978515625
1 0.53515625 0.478125 0.02099609375 0.04462890625
1 0.5140625 0.4734375 0.0205078125 0.03603515625
1 0.4890625 0.4671875 0.04052734375 0.040625
1 0.46171875 0.4625 0.03779296875 0.03720703125
1 0.4375 0.46015625 0.0234375 0.04677734375
1 0.41484375 0.4546875 0.0212890625 0.04765625
1 0.390625 0.45078125 0.025 0.04599609375
1 0.36796875 0.446875 0.03486328125 0.0353515625
1 0.3453125 0.44296875 0.036328125 0.0353515625
1 0.32265625 0.4375 0.03017578125 0.02919921875
1 0.25703125 0.7 0.0341796875 0.0341796875
0 0.2546875 0.45546875 0.08388671875 0.08330078125