1 0.378125 0.54140625 0.0546875 0.07568359375
1 0.30234375 0.6078125 0.06162109375 0.0607421875
1 0.24453125 0.2671875 0.069140625 0.069140625
1 0.19921875 0.1671875 0.065234375 0.0654296875
1 0.23359375 0.0375 0.059375 0.06015625
1 0.05234375 0.03203125 0.06162109375 0.05625
1 0.19375 0.28828125 0.03681640625 0.04853515625
1 0.53515625 0.0828125 0.04736328125 0.048046875
1 0.634375 0.07890625 0.04326171875 0.042578125
1 0.21953125 0.60234375 0.05927734375 0.059375
1 0.94765625 0.25390625 0.06728515625 0.0640625
1 0.65078125 0.4484375 0.06279296875 0.06298828125
1 0.14140625 0.746875 0.05556640625 0.04755859375
1 0.15859375 0.97578125 0.0484375 0.0484375
1 0.5265625 0.82578125 0.058984375 0.0580078125
1 0.56875 0.87421875 0.0724609375 0.0724609375
1 0.61875 0.92578125 0.0751953125 0.0755859375
1 0.66640625 0.965625 0.0703125 0.06875
1 0.86640625 0.46015625 0.03984375 0.06796875
1 0.8515625 0.65703125 0.05439453125 0.053515625
1 0.82890625 0.83671875 0.05400390625 0.05390625
1 0.88515625 0.609375 0.06171875 0.06181640625
1 0.915625 0.62890625 0.06279296875 0.06279296875
1 0.896875 0.80625 0.05400390625 0.0521484375