1 0.378125 0.54140625 0.04375 0.06953125
1 0.30234375 0.6078125 0.05390625 0.0515625
1 0.24453125 0.2671875 0.0453125 0.075
1 0.19921875 0.1671875 0.0421875 0.06953125
1 0.23359375 0.0375 0.04375 0.065625
1 0.05234375 0.03203125 0.05390625 0.04375
1 0.19375 0.28828125 0.03203125 0.04609375
1 0.53515625 0.0828125 0.05859375 0.034375
1 0.634375 0.07890625 0.05234375 0.0328125
1 0.21953125 0.60234375 0.05078125 0.0515625
1 0.94765625 0.25390625 0.05859375 0.0515625
1 0.65078125 0.4484375 0.06015625 0.05703125
1 0.14140625 0.746875 0.05546875 0.04609375
1 0.159375 0.9765625 0.05078125 0.034375
1 0.5265625 0.82578125 0.046875 0.05703125
1 0.56875 0.87421875 0.05390625 0.06796875
1 0.61875 0.92578125 0.05859375 0.06796875
1 0.6671875 0.96796875 0.05546875 0.0625
1 0.86640625 0.46015625 0.0265625 0.065625
1 0.8515625 0.65703125 0.02890625 0.0640625
1 0.82890625 0.83671875 0.03046875 0.0734375
1 0.88515625 0.609375 0.028125 0.07890625
1 0.915625 0.62890625 0.03046875 0.07890625
1 0.896875 0.80625 0.02890625 0.0734375