1 0.378125 0.54140625 0.066796875 0.06669921875
1 0.30234375 0.6078125 0.06044921875 0.0595703125
1 0.24453125 0.2671875 0.070703125 0.069921875
1 0.19921875 0.1671875 0.066796875 0.0669921875
1 0.23359375 0.0375 0.065625 0.065625
1 0.05234375 0.03203125 0.05341796875 0.053515625
1 0.19375 0.28828125 0.04345703125 0.04423828125
1 0.53515625 0.0828125 0.05517578125 0.055078125
1 0.634375 0.07890625 0.05693359375 0.04375
1 0.21953125 0.60234375 0.05224609375 0.05234375
1 0.94765625 0.25390625 0.0619140625 0.06171875
1 0.65078125 0.4484375 0.06826171875 0.06845703125
1 0.14140625 0.746875 0.05830078125 0.05810546875
1 0.159375 0.9765625 0.0548828125 0.04453125
1 0.5265625 0.82578125 0.05703125 0.0646484375
1 0.56875 0.87421875 0.0724609375 0.0724609375
1 0.61875 0.92578125 0.0599609375 0.0681640625
1 0.66640625 0.9671875 0.0671875 0.065625
1 0.86640625 0.46015625 0.03359375 0.0671875
1 0.8515625 0.65703125 0.0306640625 0.06484375
1 0.82890625 0.83671875 0.0619140625 0.06171875
1 0.88515625 0.609375 0.05625 0.0564453125
1 0.915625 0.62890625 0.0658203125 0.0658203125
1 0.896875 0.80625 0.06103515625 0.0607421875