1 0.50859375 0.5265625 0.04404296875 0.04501953125
1 0.12265625 0.88359375 0.060546875 0.0607421875
1 0.0921875 0.13359375 0.0587890625 0.058203125
1 0.021875 0.509375 0.03896484375 0.03896484375
1 0.2078125 0.18046875 0.0587890625 0.0583984375
1 0.22890625 0.7125 0.034375 0.07978515625
1 0.34921875 0.28515625 0.038671875 0.038671875
1 0.41875 0.23984375 0.04560546875 0.045703125
1 0.38125 0.23046875 0.03486328125 0.033984375
1 0.34375 0.22421875 0.0423828125 0.04248046875
1 0.73125 0.31015625 0.0451171875 0.0453125
1 0.69140625 0.2890625 0.043359375 0.04345703125
1 0.47578125 0.31015625 0.037109375 0.037109375
1 0.39296875 0.34453125 0.0357421875 0.04609375
1 0.6515625 0.28359375 0.0390625 0.0388671875
1 0.6203125 0.28125 0.04072265625 0.0408203125
1 0.58828125 0.278125 0.035546875 0.03466796875
1 0.5421875 0.26640625 0.0419921875 0.041796875
1 0.88984375 0.2015625 0.01796875 0.0935546875
1 0.8921875 0.103125 0.05625 0.05712890625
1 0.834375 0.15 0.05625 0.0564453125
1 0.8234375 0.471875 0.04609375 0.0623046875
1 0.92734375 0.5328125 0.03525390625 0.05546875
1 0.87109375 0.675 0.0427734375 0.077734375
1 0.334375 0.63359375 0.044140625 0.044140625
1 0.36953125 0.6296875 0.0373046875 0.045703125
1 0.4296875 0.625 0.0349609375 0.047265625
1 0.4640625 0.62890625 0.03779296875 0.037109375
1 0.50078125 0.63671875 0.0359375 0.0359375
1 0.54140625 0.64296875 0.03662109375 0.04453125
1 0.5765625 0.65234375 0.0361328125 0.035546875
1 0.61953125 0.65625 0.040234375 0.0400390625
1 0.64609375 0.6578125 0.03017578125 0.02919921875
1 0.675 0.66484375 0.042578125 0.041796875
1 0.715625 0.6765625 0.0353515625 0.0501953125
1 0.78671875 0.690625 0.041015625 0.0404296875
0 0.3640625 0.40546875 0.04677734375 0.06259765625