1 0.59921875 0.5328125 0.0390625 0.037890625
1 0.121875 0.88046875 0.053515625 0.0544921875
1 0.08359375 0.1859375 0.070703125 0.0705078125
1 0.021875 0.50625 0.0400390625 0.0396484375
1 0.215625 0.4234375 0.0533203125 0.053125
1 0.25 0.884375 0.062109375 0.061328125
1 0.23359375 0.94453125 0.065234375 0.065234375
1 0.33984375 0.278125 0.03125 0.0435546875
1 0.415625 0.234375 0.03828125 0.05087890625
1 0.37890625 0.228125 0.0375 0.037109375
1 0.3421875 0.2203125 0.0408203125 0.041015625
1 0.72734375 0.309375 0.0365234375 0.0525390625
1 0.6875 0.2875 0.042578125 0.0423828125
1 0.43125 0.2984375 0.0330078125 0.048828125
1 0.37265625 0.33515625 0.03662109375 0.03837890625
1 0.6484375 0.28125 0.0419921875 0.0419921875
1 0.6171875 0.27734375 0.03603515625 0.04765625
1 0.5859375 0.2734375 0.0396484375 0.041015625
1 0.53984375 0.2625 0.041015625 0.04140625
1 0.88671875 0.19921875 0.05517578125 0.055078125
1 0.8890625 0.103125 0.02197265625 0.0810546875
1 0.83125 0.15390625 0.06201171875 0.06220703125
1 0.7265625 0.4296875 0.0490234375 0.04912109375
1 0.83359375 0.484375 0.0375 0.05322265625
1 0.93984375 0.5375 0.046875 0.0638671875
1 0.86953125 0.6765625 0.0595703125 0.05859375
1 0.33203125 0.6296875 0.03125 0.0474609375
1 0.36875 0.62734375 0.041015625 0.041015625
1 0.428125 0.621875 0.0345703125 0.034765625
1 0.46171875 0.62578125 0.0365234375 0.0453125
1 0.49921875 0.6296875 0.0369140625 0.0359375
1 0.5390625 0.640625 0.0416015625 0.041796875
1 0.57421875 0.6484375 0.0314453125 0.048828125
1 0.61640625 0.65390625 0.0375 0.0375
1 0.64375 0.65546875 0.02958984375 0.0296875
1 0.67265625 0.66484375 0.0416015625 0.0416015625
1 0.7125 0.67734375 0.041796875 0.042578125
1 0.784375 0.68984375 0.04169921875 0.041796875
0 0.34296875 0.396875 0.0517578125 0.0517578125