1 0.50859375 0.5265625 0.03203125 0.04765625
1 0.12265625 0.88359375 0.0125 0.08984375
1 0.0921875 0.13359375 0.01484375 0.0953125
1 0.021875 0.509375 0.03046875 0.03984375
1 0.2078125 0.18046875 0.01484375 0.08984375
1 0.22890625 0.7125 0.015625 0.08203125
1 0.34921875 0.28515625 0.03125 0.0421875
1 0.41875 0.23984375 0.03046875 0.0453125
1 0.38125 0.23046875 0.02578125 0.0421875
1 0.34375 0.22421875 0.0296875 0.04765625
1 0.73125 0.31015625 0.03359375 0.053125
1 0.69140625 0.2890625 0.0265625 0.04765625
1 0.47578125 0.31015625 0.028125 0.0421875
1 0.39296875 0.34453125 0.02890625 0.0421875
1 0.6515625 0.28359375 0.0265625 0.03984375
1 0.6203125 0.28125 0.02578125 0.0453125
1 0.58828125 0.278125 0.0296875 0.03984375
1 0.5421875 0.26640625 0.0296875 0.0421875
1 0.88984375 0.2015625 0.0109375 0.09296875
1 0.8921875 0.103125 0.0125 0.08515625
1 0.834375 0.15 0.0125 0.10078125
1 0.8234375 0.471875 0.03125 0.05859375
1 0.92734375 0.5328125 0.02734375 0.053125
1 0.87109375 0.675 0.02890625 0.0765625
1 0.334375 0.63359375 0.03125 0.0453125
1 0.36953125 0.6296875 0.02890625 0.0421875
1 0.4296875 0.625 0.02734375 0.0453125
1 0.4640625 0.62890625 0.02734375 0.0453125
1 0.50078125 0.63671875 0.0265625 0.0421875
1 0.54140625 0.64296875 0.03203125 0.0421875
1 0.5765625 0.65234375 0.02421875 0.0421875
1 0.61953125 0.65625 0.0265625 0.03984375
1 0.64609375 0.6578125 0.01796875 0.03984375
1 0.675 0.66484375 0.03125 0.0421875
1 0.715625 0.6765625 0.02890625 0.04765625
1 0.78671875 0.690625 0.0234375 0.04765625
0 0.3640625 0.40546875 0.03359375 0.05859375