1 0.69296875 0.5453125 0.0423828125 0.0419921875
1 0.12109375 0.88203125 0.06025390625 0.06025390625
1 0.0546875 0.24296875 0.05078125 0.0515625
1 0.0984375 0.0703125 0.059765625 0.0619140625
1 0.021875 0.5078125 0.03994140625 0.03984375
1 0.20078125 0.11015625 0.015625 0.08916015625
1 0.24765625 0.7390625 0.06376953125 0.063671875
1 0.22109375 0.62578125 0.0421875 0.09375
1 0.3375 0.278125 0.03515625 0.0462890625
1 0.4140625 0.234375 0.0447265625 0.04462890625
1 0.37734375 0.2296875 0.0361328125 0.0373046875
1 0.340625 0.22265625 0.04267578125 0.041796875
1 0.72578125 0.309375 0.048828125 0.048828125
1 0.6859375 0.29140625 0.0287109375 0.04833984375
1 0.39609375 0.29140625 0.0447265625 0.0443359375
1 0.3578125 0.33515625 0.041015625 0.041796875
1 0.64609375 0.2796875 0.0359375 0.0439453125
1 0.615625 0.27734375 0.034375 0.0453125
1 0.584375 0.27421875 0.04326171875 0.043359375
1 0.53828125 0.2640625 0.0419921875 0.0416015625
1 0.88359375 0.19921875 0.06044921875 0.060546875
1 0.8859375 0.103125 0.03193359375 0.0720703125
1 0.63984375 0.3953125 0.0478515625 0.0482421875
1 0.746875 0.44140625 0.0390625 0.0384765625
1 0.85 0.490625 0.0552734375 0.05537109375
1 0.97578125 0.56640625 0.0484375 0.0546875
1 0.8671875 0.675 0.0556640625 0.055859375
1 0.33046875 0.62890625 0.03984375 0.046875
1 0.3671875 0.62734375 0.0361328125 0.037109375
1 0.42734375 0.6203125 0.03818359375 0.0490234375
1 0.46015625 0.625 0.04033203125 0.0396484375
1 0.49765625 0.63125 0.0328125 0.046484375
1 0.5375 0.640625 0.0373046875 0.0478515625
1 0.57265625 0.6484375 0.041796875 0.04189453125
1 0.615625 0.6515625 0.03515625 0.0431640625
1 0.64140625 0.65625 0.03671875 0.036328125
1 0.671875 0.665625 0.03740234375 0.0373046875
1 0.7125 0.6765625 0.03427734375 0.04931640625
1 0.7828125 0.690625 0.0255859375 0.0470703125
0 0.3296875 0.3953125 0.0521484375 0.05234375