1 0.13671875 0.709375 0.03427734375 0.09931640625
1 0.209375 0.12890625 0.07353515625 0.0734375
1 0.36015625 0.515625 0.03916015625 0.05087890625
1 0.1234375 0.8875 0.039453125 0.0865234375
1 0.0953125 0.0703125 0.030078125 0.0896484375
1 0.02109375 0.5109375 0.0419921875 0.0421875
1 0.3890625 0.29296875 0.04267578125 0.042578125
1 0.421875 0.24140625 0.040625 0.046875
1 0.38515625 0.23359375 0.0359375 0.0359375
1 0.34765625 0.228125 0.045703125 0.0458984375
1 0.73359375 0.31796875 0.05048828125 0.050390625
1 0.69375 0.29609375 0.04326171875 0.042578125
1 0.58046875 0.33671875 0.04677734375 0.04677734375
1 0.46171875 0.36171875 0.03515625 0.0423828125
1 0.6546875 0.2875 0.03515625 0.034765625
1 0.62421875 0.28359375 0.03291015625 0.03291015625
1 0.59140625 0.2828125 0.03671875 0.04443359375
1 0.5453125 0.26953125 0.0396484375 0.046875
1 0.89375 0.209375 0.060546875 0.0591796875
1 0.896875 0.11171875 0.05751953125 0.05654296875
1 0.83828125 0.15625 0.0412109375 0.094140625
1 0.84140625 0.04140625 0.049609375 0.049609375
1 0.853125 0.6484375 0.040625 0.0591796875
1 0.3359375 0.63515625 0.0470703125 0.047265625
1 0.371875 0.6328125 0.041015625 0.0412109375
1 0.4328125 0.62890625 0.037890625 0.038671875
1 0.46484375 0.6328125 0.0390625 0.0390625
1 0.503125 0.63515625 0.037890625 0.03779296875
1 0.54375 0.64609375 0.0458984375 0.045703125
1 0.578125 0.65546875 0.02578125 0.0482421875
1 0.6203125 0.66171875 0.0359375 0.0431640625
1 0.6484375 0.66484375 0.03056640625 0.0421875
1 0.6765625 0.67265625 0.0421875 0.0427734375
1 0.71875 0.68203125 0.03984375 0.05
1 0.78828125 0.69765625 0.0392578125 0.0390625
0 0.45234375 0.4296875 0.05 0.0623046875