1 0.56796875 0.528125 0.042578125 0.0435546875
1 0.121875 0.88203125 0.04140625 0.07978515625
1 0.0859375 0.17265625 0.06201171875 0.062890625
1 0.0203125 0.5109375 0.03662109375 0.0447265625
1 0.21875 0.525 0.03583984375 0.07900390625
1 0.25234375 0.946875 0.055859375 0.0552734375
1 0.34140625 0.278125 0.04033203125 0.04013671875
1 0.41640625 0.2359375 0.03828125 0.05009765625
1 0.37890625 0.2296875 0.04033203125 0.03955078125
1 0.34296875 0.22265625 0.04140625 0.04140625
1 0.72734375 0.309375 0.04970703125 0.04970703125
1 0.68828125 0.290625 0.041796875 0.0421875
1 0.44453125 0.30078125 0.03427734375 0.04765625
1 0.37734375 0.33828125 0.03359375 0.0453125
1 0.64921875 0.28125 0.035546875 0.034375
1 0.61796875 0.278125 0.04140625 0.0412109375
1 0.5859375 0.27421875 0.03837890625 0.0375
1 0.53984375 0.2640625 0.041015625 0.0412109375
1 0.88671875 0.2 0.05625 0.05625
1 0.8890625 0.103125 0.0546875 0.0548828125
1 0.83125 0.1515625 0.06328125 0.0623046875
1 0.75703125 0.44140625 0.04609375 0.0587890625
1 0.86328125 0.5 0.03828125 0.05244140625
1 0.97265625 0.55703125 0.0482421875 0.0626953125
1 0.86875 0.6765625 0.03134765625 0.07568359375
1 0.33203125 0.6296875 0.0328125 0.0416015625
1 0.36796875 0.62734375 0.041015625 0.041015625
1 0.428125 0.621875 0.03828125 0.03818359375
1 0.4625 0.62734375 0.03056640625 0.04228515625
1 0.49921875 0.63125 0.041015625 0.040625
1 0.5390625 0.640625 0.0359375 0.047265625
1 0.57421875 0.6484375 0.0421875 0.041796875
1 0.6171875 0.65546875 0.0392578125 0.038671875
1 0.64375 0.65625 0.0203125 0.0435546875
1 0.671875 0.66484375 0.03671875 0.0380859375
1 0.7140625 0.67734375 0.0455078125 0.045703125
1 0.78359375 0.690625 0.04033203125 0.03955078125
0 0.34765625 0.40078125 0.04765625 0.0478515625