1 0.56796875 0.528125 0.03515625 0.0486328125
1 0.121875 0.88203125 0.059765625 0.0599609375
1 0.0859375 0.17265625 0.02646484375 0.09921875
1 0.0203125 0.5109375 0.04052734375 0.0416015625
1 0.21875 0.525 0.0544921875 0.0556640625
1 0.25234375 0.946875 0.063671875 0.0638671875
1 0.34140625 0.278125 0.0388671875 0.0376953125
1 0.41640625 0.2359375 0.044140625 0.0451171875
1 0.37890625 0.2296875 0.02353515625 0.04697265625
1 0.34296875 0.22265625 0.04140625 0.04140625
1 0.72734375 0.309375 0.04462890625 0.05478515625
1 0.68828125 0.290625 0.040234375 0.0396484375
1 0.44453125 0.30078125 0.03662109375 0.0375
1 0.37734375 0.33828125 0.038671875 0.038671875
1 0.64921875 0.28125 0.040234375 0.03984375
1 0.61796875 0.278125 0.02578125 0.0435546875
1 0.5859375 0.27421875 0.0291015625 0.03828125
1 0.53984375 0.2640625 0.03828125 0.045703125
1 0.88671875 0.2 0.05859375 0.05859375
1 0.8890625 0.103125 0.05546875 0.05556640625
1 0.83125 0.1515625 0.01640625 0.0966796875
1 0.75703125 0.44140625 0.03359375 0.05556640625
1 0.86328125 0.5 0.042578125 0.04189453125
1 0.971875 0.55625 0.05625 0.05625
1 0.86875 0.6765625 0.06181640625 0.06162109375
1 0.33203125 0.6296875 0.0390625 0.0392578125
1 0.36796875 0.62734375 0.038671875 0.038671875
1 0.428125 0.621875 0.03203125 0.0435546875
1 0.4625 0.62734375 0.0322265625 0.0423828125
1 0.49921875 0.63125 0.041796875 0.0408203125
1 0.5390625 0.640625 0.04453125 0.0447265625
1 0.57421875 0.6484375 0.03515625 0.048828125
1 0.6171875 0.65546875 0.03671875 0.037890625
1 0.64375 0.65625 0.034375 0.033984375
1 0.671875 0.66484375 0.0359375 0.0373046875
1 0.7140625 0.67734375 0.0376953125 0.038671875
1 0.78359375 0.690625 0.03798828125 0.03720703125
0 0.34765625 0.40078125 0.0484375 0.04853515625