1 0.62890625 0.5375 0.04248046875 0.04189453125
1 0.1203125 0.88359375 0.01474609375 0.08916015625
1 0.07421875 0.2125 0.06142578125 0.061328125
1 0.0203125 0.51015625 0.040625 0.0390625
1 0.209375 0.325 0.028125 0.08447265625
1 0.24765625 0.83125 0.06845703125 0.0681640625
1 0.228125 0.84375 0.05791015625 0.0580078125
1 0.3375 0.2796875 0.0443359375 0.044140625
1 0.4140625 0.2390625 0.0447265625 0.0443359375
1 0.37734375 0.23046875 0.03427734375 0.03515625
1 0.340625 0.22578125 0.0357421875 0.036328125
1 0.72578125 0.31171875 0.04453125 0.0587890625
1 0.6859375 0.29140625 0.04189453125 0.041796875
1 0.41640625 0.2984375 0.04326171875 0.0431640625
1 0.36640625 0.33828125 0.041796875 0.041796875
1 0.646875 0.2828125 0.036328125 0.036328125
1 0.615625 0.2796875 0.040625 0.0396484375
1 0.584375 0.27734375 0.0431640625 0.043359375
1 0.53828125 0.26640625 0.03759765625 0.0375
1 0.884375 0.203125 0.0228515625 0.0904296875
1 0.88671875 0.1046875 0.0537109375 0.0546875
1 0.8296875 0.15625 0.0619140625 0.0615234375
1 0.6953125 0.41875 0.0423828125 0.0423828125
1 0.80234375 0.47109375 0.046875 0.04677734375
1 0.90703125 0.525 0.05703125 0.05791015625
1 0.8671875 0.67890625 0.060546875 0.06064453125
1 0.33046875 0.63359375 0.03994140625 0.0390625
1 0.36640625 0.6296875 0.034375 0.0439453125
1 0.4265625 0.625 0.0392578125 0.0388671875
1 0.4609375 0.62734375 0.02666015625 0.04609375
1 0.49765625 0.63359375 0.0408203125 0.040625
1 0.5375 0.64296875 0.0439453125 0.043359375
1 0.571875 0.65 0.03125 0.04931640625
1 0.61484375 0.65625 0.0294921875 0.044921875
1 0.6421875 0.659375 0.0298828125 0.02958984375
1 0.67109375 0.6671875 0.03525390625 0.0498046875
1 0.71171875 0.67734375 0.03046875 0.0453125
1 0.7828125 0.69375 0.0384765625 0.0384765625
0 0.33671875 0.39921875 0.052734375 0.0529296875