1 0.1421875 0.79453125 0.01640625 0.10078125
1 0.38359375 0.5109375 0.0328125 0.04765625
1 0.125 0.88203125 0.01328125 0.08984375
1 0.096875 0.078125 0.01484375 0.0953125
1 0.0234375 0.5078125 0.03046875 0.03984375
1 0.2328125 0.77578125 0.015625 0.08515625
1 0.38203125 0.2875 0.03125 0.0421875
1 0.42265625 0.2375 0.03046875 0.0453125
1 0.3859375 0.23046875 0.02734375 0.0453125
1 0.3484375 0.22578125 0.0296875 0.04765625
1 0.73515625 0.31328125 0.03359375 0.05078125
1 0.6953125 0.29296875 0.0265625 0.0453125
1 0.5625 0.32890625 0.0296875 0.04765625
1 0.44921875 0.35546875 0.0296875 0.03984375
1 0.65625 0.28359375 0.02734375 0.03984375
1 0.62421875 0.28125 0.02578125 0.03984375
1 0.5921875 0.278125 0.02890625 0.0453125
1 0.546875 0.265625 0.0296875 0.03984375
1 0.8953125 0.20546875 0.0140625 0.08984375
1 0.8984375 0.10625 0.0140625 0.0796875
1 0.83984375 0.15390625 0.0140625 0.10078125
1 0.8421875 0.03828125 0.0109375 0.06875
1 0.86171875 0.65234375 0.03046875 0.0609375
1 0.33671875 0.6328125 0.03203125 0.0453125
1 0.3734375 0.62734375 0.03046875 0.0453125
1 0.43359375 0.6234375 0.02734375 0.03984375
1 0.4671875 0.62890625 0.02734375 0.03984375
1 0.50390625 0.63359375 0.02578125 0.0453125
1 0.5453125 0.64296875 0.03203125 0.0453125
1 0.57890625 0.6515625 0.0265625 0.04765625
1 0.621875 0.659375 0.0265625 0.0421875
1 0.6484375 0.66015625 0.01875 0.0421875
1 0.67734375 0.66875 0.0328125 0.04765625
1 0.71875 0.68046875 0.03125 0.0453125
1 0.78984375 0.69375 0.025 0.0453125
0 0.434375 0.4203125 0.03671875 0.05546875