1 0.69296875 0.5453125 0.0427734375 0.0548828125
1 0.12109375 0.88203125 0.05947265625 0.05947265625
1 0.0546875 0.24296875 0.05703125 0.05703125
1 0.0984375 0.0703125 0.056640625 0.0587890625
1 0.021875 0.5078125 0.0400390625 0.03984375
1 0.20078125 0.11015625 0.04453125 0.08134765625
1 0.24765625 0.7390625 0.06064453125 0.061328125
1 0.22109375 0.62578125 0.062890625 0.062890625
1 0.3375 0.278125 0.03984375 0.0400390625
1 0.4140625 0.234375 0.042578125 0.0423828125
1 0.37734375 0.2296875 0.0400390625 0.0404296875
1 0.340625 0.22265625 0.0412109375 0.041015625
1 0.72578125 0.309375 0.049609375 0.050390625
1 0.6859375 0.29140625 0.04453125 0.0455078125
1 0.39609375 0.29140625 0.0439453125 0.0427734375
1 0.3578125 0.33515625 0.041796875 0.041796875
1 0.64609375 0.2796875 0.03125 0.043359375
1 0.615625 0.27734375 0.034375 0.0453125
1 0.584375 0.27421875 0.04404296875 0.044140625
1 0.53828125 0.2640625 0.03134765625 0.04130859375
1 0.88359375 0.19921875 0.06044921875 0.060546875
1 0.8859375 0.103125 0.0365234375 0.069140625
1 0.63984375 0.3953125 0.0416015625 0.0412109375
1 0.746875 0.44140625 0.029296875 0.0498046875
1 0.85 0.490625 0.0568359375 0.05693359375
1 0.97578125 0.56640625 0.0484375 0.0546875
1 0.8671875 0.675 0.05322265625 0.0533203125
1 0.33046875 0.62890625 0.040625 0.046875
1 0.3671875 0.62734375 0.0392578125 0.040234375
1 0.42734375 0.6203125 0.04404296875 0.0439453125
1 0.46015625 0.625 0.0275390625 0.044140625
1 0.49765625 0.63125 0.03828125 0.0380859375
1 0.5375 0.640625 0.0380859375 0.0384765625
1 0.57265625 0.6484375 0.03125 0.0494140625
1 0.615625 0.6515625 0.0390625 0.0392578125
1 0.64140625 0.65625 0.0203125 0.0443359375
1 0.671875 0.665625 0.0333984375 0.044921875
1 0.7125 0.6765625 0.0466796875 0.0470703125
1 0.7828125 0.690625 0.0302734375 0.0494140625
0 0.3296875 0.3953125 0.04365234375 0.04375