1 0.66328125 0.53984375 0.03203125 0.05078125
1 0.121875 0.88203125 0.0125 0.08984375
1 0.0671875 0.228125 0.0265625 0.0796875
1 0.1 0.04921875 0.0125 0.09296875
1 0.02265625 0.509375 0.02890625 0.03984375
1 0.20625 0.2171875 0.015625 0.0875
1 0.2484375 0.78125 0.0125 0.0984375
1 0.2265625 0.7359375 0.01640625 0.0984375
1 0.3390625 0.278125 0.03046875 0.0453125
1 0.415625 0.2359375 0.03125 0.0453125
1 0.37890625 0.2296875 0.02578125 0.0453125
1 0.3421875 0.221875 0.02890625 0.0453125
1 0.72734375 0.3078125 0.0328125 0.053125
1 0.68671875 0.2890625 0.02578125 0.0453125
1 0.4078125 0.29453125 0.02890625 0.0453125
1 0.36328125 0.33515625 0.028125 0.0421875
1 0.6484375 0.28125 0.02578125 0.0421875
1 0.6171875 0.27734375 0.025 0.0421875
1 0.58515625 0.2734375 0.0296875 0.03984375
1 0.53984375 0.2625 0.0296875 0.03984375
1 0.8859375 0.19921875 0.0125 0.0875
1 0.8875 0.103125 0.01171875 0.0796875
1 0.83046875 0.15546875 0.0125 0.0875
1 0.66875 0.40703125 0.03125 0.05546875
1 0.77578125 0.4546875 0.0265625 0.0453125
1 0.87890625 0.50625 0.03515625 0.05859375
1 0.86953125 0.6765625 0.02890625 0.07421875
1 0.33203125 0.6296875 0.03125 0.0421875
1 0.36796875 0.62578125 0.028125 0.03984375
1 0.428125 0.6203125 0.0265625 0.0421875
1 0.4609375 0.62578125 0.02734375 0.0453125
1 0.4984375 0.63125 0.025 0.0421875
1 0.5390625 0.6421875 0.03125 0.0453125
1 0.5734375 0.65 0.02578125 0.04765625
1 0.61640625 0.65390625 0.0265625 0.0453125
1 0.64296875 0.6578125 0.01875 0.03984375
1 0.67265625 0.665625 0.03046875 0.0421875
1 0.71328125 0.67734375 0.03203125 0.04765625
1 0.784375 0.69375 0.0234375 0.04765625
0 0.33359375 0.3953125 0.03359375 0.05859375