1 0.62890625 0.5375 0.03203125 0.05078125
1 0.1203125 0.88359375 0.01171875 0.08984375
1 0.07421875 0.2125 0.02421875 0.0875
1 0.0203125 0.5109375 0.0296875 0.03984375
1 0.209375 0.325 0.015625 0.08515625
1 0.24765625 0.83125 0.01484375 0.0984375
1 0.228125 0.84375 0.01640625 0.0953125
1 0.3375 0.2796875 0.03046875 0.0453125
1 0.4140625 0.2390625 0.0296875 0.0453125
1 0.37734375 0.23046875 0.02578125 0.0421875
1 0.340625 0.22578125 0.02890625 0.0421875
1 0.72578125 0.31171875 0.0328125 0.05546875
1 0.6859375 0.29140625 0.02578125 0.0453125
1 0.41640625 0.2984375 0.02890625 0.0453125
1 0.36640625 0.33828125 0.028125 0.0421875
1 0.646875 0.2828125 0.0265625 0.0421875
1 0.615625 0.2796875 0.025 0.0453125
1 0.584375 0.27734375 0.0296875 0.0421875
1 0.53828125 0.26640625 0.03046875 0.0421875
1 0.884375 0.203125 0.01328125 0.08984375
1 0.88671875 0.1046875 0.01171875 0.0796875
1 0.8296875 0.15625 0.01328125 0.08984375
1 0.6953125 0.41875 0.03203125 0.05078125
1 0.80234375 0.47109375 0.0265625 0.05078125
1 0.90703125 0.525 0.034375 0.06328125
1 0.8671875 0.67890625 0.028125 0.07421875
1 0.33046875 0.63359375 0.03046875 0.0453125
1 0.36640625 0.6296875 0.028125 0.0421875
1 0.4265625 0.625 0.02578125 0.03984375
1 0.4609375 0.62734375 0.02578125 0.0453125
1 0.49765625 0.63359375 0.02421875 0.0453125
1 0.5375 0.64296875 0.03046875 0.0421875
1 0.571875 0.65 0.025 0.04765625
1 0.61484375 0.65625 0.02578125 0.0421875
1 0.6421875 0.659375 0.0171875 0.03984375
1 0.67109375 0.6671875 0.03046875 0.0453125
1 0.71171875 0.67734375 0.0296875 0.0453125
1 0.7828125 0.69375 0.0234375 0.0453125
0 0.33671875 0.39921875 0.034375 0.05546875