1 0.1421875 0.79453125 0.04697265625 0.09287109375
1 0.38359375 0.5109375 0.03671875 0.04931640625
1 0.125 0.88203125 0.02900390625 0.08759765625
1 0.096875 0.078125 0.06396484375 0.0650390625
1 0.0234375 0.5078125 0.03662109375 0.03662109375
1 0.2328125 0.77578125 0.060546875 0.06044921875
1 0.38203125 0.2875 0.03671875 0.0466796875
1 0.42265625 0.2375 0.04423828125 0.0443359375
1 0.3859375 0.23046875 0.0396484375 0.0484375
1 0.3484375 0.22578125 0.0458984375 0.04560546875
1 0.73515625 0.31328125 0.0431640625 0.0427734375
1 0.6953125 0.29296875 0.0369140625 0.036328125
1 0.5625 0.32890625 0.04453125 0.0447265625
1 0.44921875 0.35546875 0.03828125 0.03837890625
1 0.65625 0.28359375 0.0302734375 0.0408203125
1 0.62421875 0.28125 0.0345703125 0.0353515625
1 0.5921875 0.278125 0.03837890625 0.0478515625
1 0.546875 0.265625 0.0318359375 0.04130859375
1 0.8953125 0.20546875 0.0419921875 0.08291015625
1 0.8984375 0.10625 0.0560546875 0.0560546875
1 0.83984375 0.15390625 0.06796875 0.0677734375
1 0.8421875 0.03828125 0.0111328125 0.06875
1 0.86171875 0.65234375 0.0501953125 0.05
1 0.33671875 0.6328125 0.0412109375 0.051171875
1 0.3734375 0.62734375 0.04404296875 0.044140625
1 0.43359375 0.6234375 0.03408203125 0.03466796875
1 0.4671875 0.62890625 0.0369140625 0.0365234375
1 0.50390625 0.63359375 0.0396484375 0.03984375
1 0.5453125 0.64296875 0.0443359375 0.044921875
1 0.57890625 0.6515625 0.040234375 0.0404296875
1 0.621875 0.659375 0.035546875 0.045703125
1 0.6484375 0.66015625 0.032421875 0.031640625
1 0.67734375 0.66875 0.04375 0.0517578125
1 0.71875 0.68046875 0.0421875 0.04921875
1 0.78984375 0.69375 0.0375 0.037890625
0 0.434375 0.4203125 0.05458984375 0.05458984375