1 0.50859375 0.5265625 0.0423828125 0.0435546875
1 0.12265625 0.88359375 0.057421875 0.05751953125
1 0.0921875 0.13359375 0.06435546875 0.064453125
1 0.021875 0.509375 0.04130859375 0.04130859375
1 0.2078125 0.18046875 0.0626953125 0.0630859375
1 0.22890625 0.7125 0.05859375 0.05869140625
1 0.34921875 0.28515625 0.037109375 0.037109375
1 0.41875 0.23984375 0.0419921875 0.05
1 0.38125 0.23046875 0.0337890625 0.0453125
1 0.34375 0.22421875 0.04375 0.0447265625
1 0.73125 0.31015625 0.0521484375 0.05234375
1 0.69140625 0.2890625 0.0390625 0.0494140625
1 0.47578125 0.31015625 0.0375 0.04609375
1 0.39296875 0.34453125 0.0365234375 0.03671875
1 0.6515625 0.28359375 0.0373046875 0.04306640625
1 0.6203125 0.28125 0.03603515625 0.0462890625
1 0.58828125 0.278125 0.037109375 0.03623046875
1 0.5421875 0.26640625 0.033984375 0.0453125
1 0.88984375 0.2015625 0.0125 0.09365234375
1 0.8921875 0.103125 0.01484375 0.0845703125
1 0.834375 0.15 0.0359375 0.0962890625
1 0.8234375 0.471875 0.05234375 0.05146484375
1 0.92734375 0.5328125 0.0396484375 0.040234375
1 0.87109375 0.675 0.0310546875 0.075390625
1 0.334375 0.63359375 0.040625 0.05
1 0.36953125 0.6296875 0.0388671875 0.044921875
1 0.4296875 0.625 0.0341796875 0.047265625
1 0.4640625 0.62890625 0.0384765625 0.037890625
1 0.50078125 0.63671875 0.0328125 0.0453125
1 0.54140625 0.64296875 0.0412109375 0.04140625
1 0.5765625 0.65234375 0.04013671875 0.040234375
1 0.61953125 0.65625 0.037109375 0.0369140625
1 0.64609375 0.6578125 0.02119140625 0.04130859375
1 0.675 0.66484375 0.03984375 0.046875
1 0.715625 0.6765625 0.0392578125 0.0392578125
1 0.78671875 0.690625 0.03359375 0.0494140625
0 0.3640625 0.40546875 0.0478515625 0.0474609375