1 0.1421875 0.79453125 0.04697265625 0.09365234375
1 0.38359375 0.5109375 0.040234375 0.04111328125
1 0.125 0.88203125 0.0416015625 0.0806640625
1 0.096875 0.078125 0.0630859375 0.064453125
1 0.0234375 0.5078125 0.0326171875 0.0412109375
1 0.2328125 0.77578125 0.03828125 0.0826171875
1 0.38203125 0.2875 0.04140625 0.0482421875
1 0.42265625 0.2375 0.0427734375 0.04375
1 0.3859375 0.23046875 0.03935546875 0.039453125
1 0.3484375 0.22578125 0.0421875 0.0408203125
1 0.73515625 0.31328125 0.05009765625 0.04990234375
1 0.6953125 0.29296875 0.0375 0.038671875
1 0.5625 0.32890625 0.04375 0.0439453125
1 0.44921875 0.35546875 0.04140625 0.04150390625
1 0.65625 0.28359375 0.0279296875 0.0392578125
1 0.62421875 0.28125 0.04013671875 0.04013671875
1 0.5921875 0.278125 0.0330078125 0.046484375
1 0.546875 0.265625 0.0404296875 0.04521484375
1 0.8953125 0.20546875 0.05546875 0.0552734375
1 0.8984375 0.10625 0.023046875 0.080859375
1 0.83984375 0.15390625 0.03125 0.0998046875
1 0.8421875 0.03828125 0.019140625 0.06796875
1 0.86171875 0.65234375 0.04697265625 0.046875
1 0.33671875 0.6328125 0.03271484375 0.0466796875
1 0.3734375 0.62734375 0.04130859375 0.05
1 0.43359375 0.6234375 0.0388671875 0.0392578125
1 0.4671875 0.62890625 0.0376953125 0.0380859375
1 0.50390625 0.63359375 0.03818359375 0.03828125
1 0.5453125 0.64296875 0.04228515625 0.04921875
1 0.57890625 0.6515625 0.03515625 0.0501953125
1 0.621875 0.659375 0.0392578125 0.0388671875
1 0.6484375 0.66015625 0.036328125 0.035546875
1 0.67734375 0.66875 0.045703125 0.0458984375
1 0.71875 0.68046875 0.04140625 0.05
1 0.78984375 0.69375 0.040625 0.041015625
0 0.434375 0.4203125 0.05615234375 0.05615234375