1 0.14375 0.8875 0.06875 0.0689453125
1 0.4046875 0.51328125 0.04169921875 0.041015625
1 0.1234375 0.88203125 0.05830078125 0.05830078125
1 0.09609375 0.0875 0.0390625 0.0888671875
1 0.021875 0.50625 0.040625 0.0404296875
1 0.22734375 0.66875 0.05703125 0.05693359375
1 0.37265625 0.28515625 0.04296875 0.04296875
1 0.4203125 0.2375 0.04384765625 0.0439453125
1 0.38359375 0.2296875 0.039453125 0.03828125
1 0.346875 0.22265625 0.041015625 0.0521484375
1 0.7328125 0.31171875 0.0494140625 0.0486328125
1 0.69296875 0.290625 0.02734375 0.0447265625
1 0.5421875 0.32109375 0.0421875 0.0416015625
1 0.434375 0.3515625 0.0451171875 0.0451171875
1 0.65390625 0.2828125 0.0337890625 0.044140625
1 0.62265625 0.2796875 0.028125 0.0482421875
1 0.590625 0.27734375 0.037890625 0.038671875
1 0.54453125 0.2640625 0.0400390625 0.040625
1 0.89296875 0.20390625 0.062109375 0.0623046875
1 0.89609375 0.103125 0.053515625 0.0529296875
1 0.8375 0.15234375 0.0416015625 0.0943359375
1 0.840625 0.03828125 0.0326171875 0.06796875
1 0.96328125 0.54765625 0.03984375 0.0640625
1 0.865625 0.66328125 0.05537109375 0.05546875
1 0.3359375 0.63125 0.0376953125 0.037890625
1 0.37109375 0.62890625 0.04072265625 0.04072265625
1 0.43203125 0.6203125 0.0359375 0.044140625
1 0.46640625 0.62734375 0.0392578125 0.0392578125
1 0.50234375 0.63125 0.0392578125 0.0388671875
1 0.54375 0.6421875 0.047265625 0.045703125
1 0.578125 0.65 0.0353515625 0.0494140625
1 0.62109375 0.65546875 0.03828125 0.03828125
1 0.64765625 0.659375 0.0359375 0.035546875
1 0.6765625 0.6671875 0.040234375 0.050390625
1 0.7171875 0.67734375 0.04765625 0.0462890625
1 0.78828125 0.6921875 0.0412109375 0.0412109375
0 0.415625 0.4140625 0.0451171875 0.0630859375