1 0.14375 0.8875 0.015625 0.10078125
1 0.4046875 0.51328125 0.03359375 0.0453125
1 0.1234375 0.88203125 0.01328125 0.08984375
1 0.09609375 0.0875 0.0140625 0.09296875
1 0.021875 0.50625 0.03125 0.0421875
1 0.22734375 0.66875 0.015625 0.09296875
1 0.37265625 0.28515625 0.0296875 0.0421875
1 0.4203125 0.2375 0.02890625 0.0453125
1 0.38359375 0.2296875 0.0265625 0.0453125
1 0.346875 0.22265625 0.0296875 0.04765625
1 0.7328125 0.31171875 0.03359375 0.05078125
1 0.69296875 0.290625 0.0265625 0.0453125
1 0.5421875 0.32109375 0.0296875 0.04765625
1 0.434375 0.3515625 0.0296875 0.0453125
1 0.65390625 0.2828125 0.02734375 0.0421875
1 0.62265625 0.2796875 0.025 0.0453125
1 0.590625 0.27734375 0.028125 0.0421875
1 0.54453125 0.2640625 0.02890625 0.0421875
1 0.89296875 0.20390625 0.0125 0.09296875
1 0.89609375 0.103125 0.0140625 0.08203125
1 0.8375 0.15234375 0.01328125 0.10078125
1 0.840625 0.03828125 0.0109375 0.071875
1 0.96328125 0.54765625 0.0328125 0.0609375
1 0.865625 0.66328125 0.03046875 0.06875
1 0.3359375 0.63125 0.03203125 0.0453125
1 0.37109375 0.62890625 0.03046875 0.03984375
1 0.43203125 0.6203125 0.0265625 0.0421875
1 0.46640625 0.62734375 0.02734375 0.03984375
1 0.50234375 0.63125 0.02578125 0.05078125
1 0.54375 0.6421875 0.0328125 0.0453125
1 0.578125 0.65 0.02578125 0.04765625
1 0.62109375 0.65546875 0.0265625 0.0421875
1 0.64765625 0.659375 0.01875 0.0421875
1 0.6765625 0.6671875 0.0328125 0.0453125
1 0.7171875 0.67734375 0.0296875 0.04765625
1 0.78828125 0.6921875 0.02421875 0.04765625
0 0.415625 0.4140625 0.03359375 0.05859375