1 0.5375 0.528125 0.04609375 0.0462890625
1 0.12109375 0.8859375 0.03125 0.0880859375
1 0.08984375 0.15 0.06376953125 0.0638671875
1 0.0203125 0.509375 0.0357421875 0.0357421875
1 0.20078125 0.053125 0.05439453125 0.05498046875
1 0.22265625 0.61796875 0.02587890625 0.08583984375
1 0.34375 0.28359375 0.0359375 0.04765625
1 0.415625 0.2390625 0.03671875 0.05009765625
1 0.378125 0.23203125 0.02578125 0.0421875
1 0.3421875 0.22421875 0.0435546875 0.042578125
1 0.72890625 0.309375 0.0466796875 0.047265625
1 0.6875 0.290625 0.034765625 0.047265625
1 0.45859375 0.3046875 0.035546875 0.0349609375
1 0.3828125 0.34375 0.03994140625 0.03994140625
1 0.65 0.2796875 0.033984375 0.033984375
1 0.61796875 0.27578125 0.0373046875 0.03828125
1 0.58671875 0.27578125 0.0404296875 0.0416015625
1 0.540625 0.2625 0.035546875 0.0435546875
1 0.88828125 0.19921875 0.0611328125 0.061328125
1 0.88984375 0.103125 0.0224609375 0.0814453125
1 0.8328125 0.15234375 0.058984375 0.059765625
1 0.7890625 0.45859375 0.04912109375 0.04921875
1 0.89453125 0.515625 0.044921875 0.04501953125
1 0.86953125 0.67734375 0.06171875 0.06181640625
1 0.33203125 0.63359375 0.037890625 0.037890625
1 0.36796875 0.6296875 0.0416015625 0.0416015625
1 0.428125 0.625 0.027734375 0.044140625
1 0.4625 0.62578125 0.0373046875 0.03720703125
1 0.5 0.6328125 0.04228515625 0.0412109375
1 0.540625 0.6421875 0.0408203125 0.041015625
1 0.57421875 0.65 0.04111328125 0.04111328125
1 0.6171875 0.65625 0.04140625 0.0412109375
1 0.64453125 0.659375 0.03515625 0.0349609375
1 0.6734375 0.66484375 0.0384765625 0.04609375
1 0.7140625 0.6765625 0.0390625 0.041015625
1 0.784375 0.690625 0.025 0.0439453125
0 0.3546875 0.40546875 0.0447265625 0.0619140625