1 0.725 0.5546875 0.04384765625 0.0421875
1 0.12109375 0.8875 0.01728515625 0.09052734375
1 0.04140625 0.25625 0.041015625 0.041796875
1 0.096875 0.10625 0.06640625 0.066015625
1 0.02265625 0.5109375 0.03818359375 0.0421875
1 0.25 0.70703125 0.04609375 0.0943359375
1 0.2171875 0.52109375 0.0669921875 0.066796875
1 0.3375 0.2828125 0.0453125 0.044921875
1 0.41484375 0.24140625 0.0439453125 0.04296875
1 0.378125 0.23046875 0.036328125 0.037109375
1 0.340625 0.22578125 0.038671875 0.046875
1 0.725 0.3140625 0.04296875 0.0541015625
1 0.6859375 0.29609375 0.0423828125 0.041796875
1 0.38828125 0.29453125 0.041796875 0.041796875
1 0.3546875 0.33984375 0.041015625 0.041015625
1 0.646875 0.28359375 0.0296875 0.04453125
1 0.615625 0.2828125 0.0353515625 0.0435546875
1 0.584375 0.278125 0.035546875 0.0357421875
1 0.5390625 0.26796875 0.04326171875 0.043359375
1 0.884375 0.20390625 0.03515625 0.0828125
1 0.8859375 0.1078125 0.0515625 0.0517578125
1 0.6140625 0.3921875 0.03984375 0.05087890625
1 0.721875 0.43515625 0.0259765625 0.04609375
1 0.82265625 0.4828125 0.0517578125 0.0509765625
1 0.94765625 0.55546875 0.05400390625 0.05400390625
1 0.86796875 0.68046875 0.03515625 0.078125
1 0.33125 0.63359375 0.03974609375 0.046875
1 0.36796875 0.63125 0.03525390625 0.0466796875
1 0.4265625 0.62734375 0.02578125 0.04296875
1 0.46015625 0.62890625 0.04462890625 0.04443359375
1 0.49765625 0.63515625 0.042578125 0.042578125
1 0.53828125 0.64453125 0.0408203125 0.04921875
1 0.57265625 0.65390625 0.0421875 0.04208984375
1 0.615625 0.659375 0.03359375 0.0333984375
1 0.6421875 0.66015625 0.0333984375 0.03359375
1 0.671875 0.66875 0.044140625 0.044140625
1 0.7125 0.67890625 0.0447265625 0.044921875
1 0.7828125 0.69609375 0.0375 0.037109375
0 0.32890625 0.40078125 0.05224609375 0.05322265625