1 0.13671875 0.709375 0.01640625 0.10078125
1 0.209375 0.12890625 0.01953125 0.103125
1 0.36015625 0.515625 0.03359375 0.04765625
1 0.1234375 0.8875 0.0140625 0.08984375
1 0.0953125 0.0703125 0.0140625 0.08984375
1 0.02109375 0.5109375 0.03359375 0.0421875
1 0.3890625 0.29296875 0.03203125 0.0453125
1 0.421875 0.24140625 0.03125 0.0421875
1 0.38515625 0.23359375 0.0265625 0.0421875
1 0.34765625 0.228125 0.0296875 0.04765625
1 0.73359375 0.31796875 0.03359375 0.053125
1 0.69375 0.29609375 0.02734375 0.0453125
1 0.58046875 0.33671875 0.02890625 0.04765625
1 0.46171875 0.36171875 0.0296875 0.03984375
1 0.6546875 0.2875 0.028125 0.0421875
1 0.62421875 0.28359375 0.02421875 0.03984375
1 0.59140625 0.2828125 0.0296875 0.03984375
1 0.5453125 0.26953125 0.03046875 0.0421875
1 0.89375 0.209375 0.0140625 0.08984375
1 0.896875 0.11171875 0.01328125 0.08515625
1 0.83828125 0.15625 0.01328125 0.0984375
1 0.84140625 0.04140625 0.0109375 0.071875
1 0.853125 0.6484375 0.03125 0.05546875
1 0.3359375 0.63515625 0.03359375 0.0453125
1 0.371875 0.6328125 0.0296875 0.03984375
1 0.4328125 0.62890625 0.028125 0.0421875
1 0.46484375 0.6328125 0.028125 0.0375
1 0.503125 0.63515625 0.025 0.04765625
1 0.54375 0.64609375 0.0328125 0.0453125
1 0.578125 0.65546875 0.025 0.04765625
1 0.6203125 0.66171875 0.028125 0.03984375
1 0.6484375 0.66484375 0.01953125 0.0421875
1 0.6765625 0.67265625 0.0328125 0.03984375
1 0.71875 0.68203125 0.03125 0.0453125
1 0.78828125 0.69765625 0.02421875 0.0421875
0 0.45234375 0.4296875 0.034375 0.05859375