1 0.4546875 0.52109375 0.0328125 0.0453125
1 0.1234375 0.884375 0.0125 0.0875
1 0.0953125 0.11171875 0.0140625 0.0984375
1 0.0234375 0.509375 0.03046875 0.0421875
1 0.21796875 0.43359375 0.01484375 0.0875
1 0.2359375 0.8859375 0.015625 0.08203125
1 0.36015625 0.28671875 0.03125 0.0421875
1 0.4203125 0.23984375 0.03046875 0.05078125
1 0.3828125 0.23359375 0.0265625 0.0453125
1 0.34609375 0.22578125 0.03046875 0.04765625
1 0.73203125 0.3140625 0.03359375 0.053125
1 0.6921875 0.29609375 0.02734375 0.04765625
1 0.5078125 0.315625 0.0296875 0.0421875
1 0.41171875 0.3484375 0.0296875 0.04765625
1 0.653125 0.28671875 0.028125 0.0421875
1 0.621875 0.28359375 0.02578125 0.0453125
1 0.58984375 0.2796875 0.02890625 0.0421875
1 0.54453125 0.265625 0.03125 0.0421875
1 0.8921875 0.20546875 0.0140625 0.08984375
1 0.89375 0.10859375 0.0125 0.08203125
1 0.83671875 0.15390625 0.01328125 0.10078125
1 0.83828125 0.0421875 0.0109375 0.07421875
1 0.8921875 0.51328125 0.03125 0.05546875
1 0.98984375 0.571875 0.0203125 0.05078125
1 0.8703125 0.67734375 0.0296875 0.07421875
1 0.33515625 0.63359375 0.03046875 0.0421875
1 0.37109375 0.6296875 0.0296875 0.03984375
1 0.43125 0.625 0.02734375 0.0421875
1 0.465625 0.62890625 0.0265625 0.0421875
1 0.50234375 0.63671875 0.02578125 0.04765625
1 0.5421875 0.64296875 0.03125 0.04765625
1 0.57734375 0.65390625 0.02578125 0.04765625
1 0.6203125 0.659375 0.0265625 0.0421875
1 0.64765625 0.66328125 0.01953125 0.0421875
1 0.67578125 0.66953125 0.03203125 0.0453125
1 0.7171875 0.68203125 0.0296875 0.04765625
1 0.7875 0.69609375 0.0234375 0.04765625
0 0.38671875 0.4125 0.034375 0.05546875