1 0.428125 0.5171875 0.0328125 0.0453125
1 0.1234375 0.88203125 0.0125 0.0875
1 0.09609375 0.09921875 0.0140625 0.0984375
1 0.021875 0.5078125 0.03125 0.0421875
1 0.22265625 0.553125 0.0140625 0.08984375
1 0.2375 0.965625 0.01484375 0.06640625
1 0.365625 0.2828125 0.03203125 0.0421875
1 0.41953125 0.2375 0.03046875 0.04765625
1 0.3828125 0.2296875 0.025 0.0421875
1 0.34609375 0.221875 0.0296875 0.05078125
1 0.7328125 0.31171875 0.03359375 0.05078125
1 0.6921875 0.29140625 0.02734375 0.05078125
1 0.52421875 0.315625 0.0296875 0.04765625
1 0.421875 0.34765625 0.03046875 0.0453125
1 0.65234375 0.2828125 0.028125 0.0453125
1 0.621875 0.278125 0.025 0.0421875
1 0.590625 0.27578125 0.0296875 0.0421875
1 0.54375 0.2640625 0.02890625 0.03984375
1 0.8921875 0.203125 0.0140625 0.09296875
1 0.89453125 0.1046875 0.01328125 0.08203125
1 0.83671875 0.15390625 0.01328125 0.10078125
1 0.8390625 0.03828125 0.01015625 0.06875
1 0.92734375 0.52890625 0.03203125 0.053125
1 0.86796875 0.66875 0.03046875 0.071875
1 0.33515625 0.63125 0.03125 0.0453125
1 0.37109375 0.62890625 0.0296875 0.03984375
1 0.43125 0.621875 0.0265625 0.03984375
1 0.46484375 0.62734375 0.02734375 0.03984375
1 0.50234375 0.6328125 0.02578125 0.04765625
1 0.54296875 0.64296875 0.0328125 0.04765625
1 0.57734375 0.65 0.025 0.04765625
1 0.6203125 0.65546875 0.02734375 0.0421875
1 0.646875 0.659375 0.01875 0.03984375
1 0.67578125 0.66953125 0.03203125 0.04765625
1 0.7171875 0.67734375 0.02890625 0.04765625
1 0.78671875 0.69375 0.0234375 0.0453125
0 0.39921875 0.4109375 0.034375 0.05859375