1 0.14375 0.8875 0.0578125 0.0595703125
1 0.4046875 0.51328125 0.04716796875 0.047265625
1 0.1234375 0.88203125 0.0205078125 0.0892578125
1 0.09609375 0.0875 0.061328125 0.06044921875
1 0.021875 0.50625 0.04296875 0.0427734375
1 0.22734375 0.66875 0.059375 0.0591796875
1 0.37265625 0.28515625 0.03671875 0.04609375
1 0.4203125 0.2375 0.0345703125 0.047265625
1 0.38359375 0.2296875 0.037109375 0.0376953125
1 0.346875 0.22265625 0.04609375 0.0462890625
1 0.7328125 0.31171875 0.05029296875 0.04951171875
1 0.69296875 0.290625 0.041796875 0.0412109375
1 0.5421875 0.32109375 0.0384765625 0.05146484375
1 0.434375 0.3515625 0.037890625 0.037890625
1 0.65390625 0.2828125 0.0283203125 0.041796875
1 0.62265625 0.2796875 0.034375 0.0490234375
1 0.590625 0.27734375 0.041796875 0.041796875
1 0.54453125 0.2640625 0.0365234375 0.044921875
1 0.89296875 0.20390625 0.034375 0.08916015625
1 0.89609375 0.103125 0.057421875 0.0568359375
1 0.8375 0.15234375 0.03759765625 0.09677734375
1 0.840625 0.03828125 0.0279296875 0.0703125
1 0.96328125 0.54765625 0.04609375 0.06484375
1 0.865625 0.66328125 0.04521484375 0.071875
1 0.3359375 0.63125 0.0447265625 0.044921875
1 0.37109375 0.62890625 0.0423828125 0.0423828125
1 0.43203125 0.6203125 0.034765625 0.0357421875
1 0.46640625 0.62734375 0.0337890625 0.0337890625
1 0.50234375 0.63125 0.0408203125 0.0404296875
1 0.54375 0.6421875 0.041015625 0.051171875
1 0.578125 0.65 0.04228515625 0.04228515625
1 0.62109375 0.65546875 0.04140625 0.04140625
1 0.64765625 0.659375 0.02578125 0.044921875
1 0.6765625 0.6671875 0.0451171875 0.0521484375
1 0.7171875 0.67734375 0.0435546875 0.04404296875
1 0.78828125 0.6921875 0.02509765625 0.04697265625
0 0.415625 0.4140625 0.0552734375 0.0552734375