1 0.69296875 0.5453125 0.03203125 0.05078125
1 0.12109375 0.88203125 0.01171875 0.08984375
1 0.0546875 0.24296875 0.028125 0.06875
1 0.0984375 0.0703125 0.0140625 0.10078125
1 0.021875 0.5078125 0.02890625 0.0375
1 0.20078125 0.11015625 0.015625 0.08984375
1 0.24765625 0.7390625 0.01484375 0.103125
1 0.22109375 0.62578125 0.015625 0.0984375
1 0.3375 0.278125 0.03125 0.0453125
1 0.4140625 0.234375 0.0296875 0.04765625
1 0.37734375 0.2296875 0.02578125 0.04765625
1 0.340625 0.22265625 0.02890625 0.0453125
1 0.72578125 0.309375 0.0328125 0.053125
1 0.6859375 0.29140625 0.0265625 0.04765625
1 0.39609375 0.29140625 0.02734375 0.04765625
1 0.3578125 0.33515625 0.028125 0.0421875
1 0.64609375 0.2796875 0.0265625 0.0421875
1 0.615625 0.27734375 0.025 0.0421875
1 0.584375 0.27421875 0.03046875 0.0421875
1 0.53828125 0.2640625 0.03046875 0.03984375
1 0.88359375 0.19921875 0.01328125 0.0875
1 0.8859375 0.103125 0.01171875 0.0765625
1 0.63984375 0.3953125 0.03203125 0.05078125
1 0.746875 0.44140625 0.0265625 0.04765625
1 0.85 0.490625 0.0359375 0.05859375
1 0.98046875 0.56796875 0.034375 0.05859375
1 0.8671875 0.675 0.02890625 0.0765625
1 0.33046875 0.62890625 0.03125 0.0421875
1 0.3671875 0.62734375 0.02734375 0.0421875
1 0.42734375 0.6203125 0.02578125 0.0453125
1 0.46015625 0.625 0.02734375 0.0453125
1 0.49765625 0.63125 0.025 0.0421875
1 0.5375 0.640625 0.0296875 0.0453125
1 0.57265625 0.6484375 0.0234375 0.04765625
1 0.615625 0.6515625 0.025 0.0421875
1 0.64140625 0.65625 0.01875 0.0421875
1 0.671875 0.665625 0.03046875 0.0421875
1 0.7125 0.6765625 0.03046875 0.04765625
1 0.7828125 0.690625 0.02421875 0.04765625
0 0.3296875 0.3953125 0.03359375 0.053125