1 0.62890625 0.5375 0.04287109375 0.05478515625
1 0.1203125 0.88359375 0.05419921875 0.05517578125
1 0.07421875 0.2125 0.0353515625 0.08828125
1 0.0203125 0.51015625 0.040625 0.0390625
1 0.209375 0.325 0.0578125 0.05791015625
1 0.24765625 0.83125 0.0583984375 0.05703125
1 0.228125 0.84375 0.0283203125 0.094140625
1 0.3375 0.2796875 0.0380859375 0.037890625
1 0.4140625 0.2390625 0.0408203125 0.0404296875
1 0.37734375 0.23046875 0.03818359375 0.0390625
1 0.340625 0.22578125 0.0419921875 0.041796875
1 0.72578125 0.31171875 0.0453125 0.05869140625
1 0.6859375 0.29140625 0.0388671875 0.039453125
1 0.41640625 0.2984375 0.04482421875 0.0447265625
1 0.36640625 0.33828125 0.02890625 0.04296875
1 0.646875 0.2828125 0.025390625 0.041015625
1 0.615625 0.2796875 0.04296875 0.0427734375
1 0.584375 0.27734375 0.0439453125 0.044140625
1 0.53828125 0.26640625 0.0376953125 0.04609375
1 0.884375 0.203125 0.05478515625 0.05302734375
1 0.88671875 0.1046875 0.02587890625 0.0767578125
1 0.8296875 0.15625 0.06025390625 0.05927734375
1 0.6953125 0.41875 0.04072265625 0.05400390625
1 0.80234375 0.47109375 0.04296875 0.04287109375
1 0.90703125 0.525 0.05859375 0.0587890625
1 0.8671875 0.67890625 0.055078125 0.05595703125
1 0.33046875 0.63359375 0.04541015625 0.0453125
1 0.36640625 0.6296875 0.0390625 0.0392578125
1 0.4265625 0.625 0.0392578125 0.0380859375
1 0.4609375 0.62734375 0.0412109375 0.041796875
1 0.49765625 0.63359375 0.0361328125 0.03515625
1 0.5375 0.64296875 0.0439453125 0.043359375
1 0.571875 0.65 0.0265625 0.04775390625
1 0.61484375 0.65625 0.0384765625 0.0375
1 0.6421875 0.659375 0.0267578125 0.04052734375
1 0.67109375 0.6671875 0.0427734375 0.0421875
1 0.71171875 0.67734375 0.04453125 0.04453125
1 0.7828125 0.69375 0.0337890625 0.0455078125
0 0.33671875 0.39921875 0.047265625 0.0474609375