1 0.4546875 0.52109375 0.0470703125 0.046484375
1 0.1234375 0.884375 0.0125 0.0875
1 0.0953125 0.11171875 0.044921875 0.09140625
1 0.0234375 0.509375 0.0427734375 0.042578125
1 0.21796875 0.43359375 0.02744140625 0.08671875
1 0.2359375 0.8859375 0.03828125 0.0775390625
1 0.36015625 0.28671875 0.03828125 0.04609375
1 0.4203125 0.23984375 0.0439453125 0.0447265625
1 0.3828125 0.23359375 0.03984375 0.041015625
1 0.34609375 0.22578125 0.0455078125 0.0451171875
1 0.73203125 0.3140625 0.0345703125 0.05390625
1 0.6921875 0.29609375 0.0431640625 0.0439453125
1 0.5078125 0.315625 0.0431640625 0.0427734375
1 0.41171875 0.3484375 0.041796875 0.0412109375
1 0.653125 0.28671875 0.0328125 0.04453125
1 0.621875 0.28359375 0.0419921875 0.041796875
1 0.58984375 0.2796875 0.0416015625 0.0421875
1 0.54453125 0.265625 0.04453125 0.0443359375
1 0.8921875 0.20546875 0.059375 0.0591796875
1 0.89375 0.10859375 0.048046875 0.04873046875
1 0.83671875 0.15390625 0.0693359375 0.0693359375
1 0.83828125 0.0421875 0.051171875 0.0509765625
1 0.8921875 0.51328125 0.04375 0.05869140625
1 0.98359375 0.5703125 0.0328125 0.040625
1 0.8703125 0.67734375 0.0537109375 0.05439453125
1 0.33515625 0.63359375 0.04306640625 0.04296875
1 0.37109375 0.6296875 0.041796875 0.0416015625
1 0.43125 0.625 0.0310546875 0.044921875
1 0.465625 0.62890625 0.030859375 0.04453125
1 0.50234375 0.63671875 0.0427734375 0.0427734375
1 0.5421875 0.64296875 0.044921875 0.0439453125
1 0.57734375 0.65390625 0.03271484375 0.05068359375
1 0.6203125 0.659375 0.0373046875 0.0373046875
1 0.64765625 0.66328125 0.03662109375 0.03671875
1 0.67578125 0.66953125 0.03349609375 0.04609375
1 0.7171875 0.68203125 0.0421875 0.0408203125
1 0.7875 0.69609375 0.04375 0.0431640625
0 0.38671875 0.4125 0.05 0.0490234375