1 0.428125 0.5171875 0.0470703125 0.0466796875
1 0.1234375 0.88203125 0.059375 0.059375
1 0.09609375 0.09921875 0.04296875 0.09140625
1 0.021875 0.5078125 0.0359375 0.0439453125
1 0.22265625 0.553125 0.062890625 0.06279296875
1 0.2375 0.965625 0.04677734375 0.04697265625
1 0.365625 0.2828125 0.03837890625 0.0384765625
1 0.41953125 0.2375 0.04501953125 0.04501953125
1 0.3828125 0.2296875 0.03984375 0.0400390625
1 0.34609375 0.221875 0.047265625 0.04736328125
1 0.7328125 0.31171875 0.0466796875 0.0552734375
1 0.6921875 0.29140625 0.03740234375 0.05458984375
1 0.52421875 0.315625 0.043359375 0.0435546875
1 0.421875 0.34765625 0.04482421875 0.044921875
1 0.65234375 0.2828125 0.03828125 0.037890625
1 0.621875 0.278125 0.04140625 0.0412109375
1 0.590625 0.27578125 0.0408203125 0.040234375
1 0.54375 0.2640625 0.0345703125 0.0435546875
1 0.8921875 0.203125 0.0568359375 0.05693359375
1 0.89453125 0.1046875 0.0572265625 0.0576171875
1 0.83671875 0.15390625 0.03427734375 0.09912109375
1 0.8390625 0.03828125 0.0142578125 0.06875
1 0.92734375 0.52890625 0.0509765625 0.051171875
1 0.86796875 0.66875 0.0552734375 0.054296875
1 0.33515625 0.63125 0.04375 0.044140625
1 0.37109375 0.62890625 0.0328125 0.0408203125
1 0.43125 0.621875 0.0392578125 0.03896484375
1 0.46484375 0.62734375 0.03916015625 0.03916015625
1 0.50234375 0.6328125 0.0423828125 0.0435546875
1 0.54296875 0.64296875 0.04296875 0.04208984375
1 0.57734375 0.65 0.0390625 0.0400390625
1 0.6203125 0.65546875 0.04169921875 0.041796875
1 0.646875 0.659375 0.03359375 0.0318359375
1 0.67578125 0.66953125 0.04130859375 0.04130859375
1 0.7171875 0.67734375 0.02978515625 0.04912109375
1 0.78671875 0.69375 0.025 0.0447265625
0 0.39921875 0.4109375 0.03515625 0.06005859375