1 0.13671875 0.709375 0.06982421875 0.07080078125
1 0.209375 0.12890625 0.07275390625 0.071875
1 0.36015625 0.515625 0.0353515625 0.0486328125
1 0.1234375 0.8875 0.016015625 0.0904296875
1 0.0953125 0.0703125 0.057421875 0.0576171875
1 0.02109375 0.5109375 0.0421875 0.04375
1 0.3890625 0.29296875 0.0419921875 0.042578125
1 0.421875 0.24140625 0.03125 0.0421875
1 0.38515625 0.23359375 0.0390625 0.0390625
1 0.34765625 0.228125 0.042578125 0.0427734375
1 0.73359375 0.31796875 0.0462890625 0.05703125
1 0.69375 0.29609375 0.04326171875 0.042578125
1 0.58046875 0.33671875 0.04677734375 0.04677734375
1 0.46171875 0.36171875 0.03515625 0.03603515625
1 0.6546875 0.2875 0.03515625 0.0349609375
1 0.62421875 0.28359375 0.03291015625 0.03291015625
1 0.59140625 0.2828125 0.039453125 0.0392578125
1 0.5453125 0.26953125 0.04052734375 0.046875
1 0.89375 0.209375 0.0556640625 0.05380859375
1 0.896875 0.11171875 0.05283203125 0.05185546875
1 0.83828125 0.15625 0.0681640625 0.06796875
1 0.84140625 0.04140625 0.050390625 0.050390625
1 0.853125 0.6484375 0.046875 0.04677734375
1 0.3359375 0.63515625 0.0408203125 0.040234375
1 0.371875 0.6328125 0.032421875 0.0412109375
1 0.4328125 0.62890625 0.0359375 0.04609375
1 0.46484375 0.6328125 0.0390625 0.03984375
1 0.503125 0.63515625 0.028125 0.0490234375
1 0.54375 0.64609375 0.0435546875 0.043359375
1 0.578125 0.65546875 0.044140625 0.0439453125
1 0.6203125 0.66171875 0.039453125 0.0396484375
1 0.6484375 0.66484375 0.03564453125 0.035546875
1 0.6765625 0.67265625 0.0421875 0.0427734375
1 0.71875 0.68203125 0.03203125 0.04609375
1 0.78828125 0.69765625 0.0345703125 0.034375
0 0.45234375 0.4296875 0.05234375 0.05224609375