1 0.7546875 0.55546875 0.04296875 0.05224609375
1 0.1203125 0.88046875 0.058203125 0.0583984375
1 0.02578125 0.25234375 0.0388671875 0.0390625
1 0.09296875 0.1328125 0.058984375 0.06015625
1 0.11796875 0.0421875 0.056640625 0.05595703125
1 0.021875 0.50546875 0.04189453125 0.041796875
1 0.25 0.6765625 0.07265625 0.0724609375
1 0.21171875 0.4015625 0.06640625 0.0666015625
1 0.3359375 0.27734375 0.045703125 0.045703125
1 0.41328125 0.2359375 0.04052734375 0.0505859375
1 0.3765625 0.228125 0.04072265625 0.0408203125
1 0.33984375 0.221875 0.04140625 0.0412109375
1 0.7234375 0.309375 0.04140625 0.0517578125
1 0.68359375 0.290625 0.0439453125 0.0443359375
1 0.38046875 0.2875 0.0375 0.0384765625
1 0.34921875 0.3328125 0.03212890625 0.0490234375
1 0.0703125 0.64609375 0.0884765625 0.087890625
1 0.6140625 0.27578125 0.03349609375 0.0453125
1 0.5828125 0.2734375 0.0349609375 0.0349609375
1 0.53671875 0.2625 0.038671875 0.03779296875
1 0.88203125 0.19921875 0.060546875 0.06064453125
1 0.884375 0.103125 0.05234375 0.051953125
1 0.58828125 0.38046875 0.043359375 0.04326171875
1 0.69609375 0.421875 0.03046875 0.0451171875
1 0.79453125 0.465625 0.056640625 0.05654296875
1 0.9125 0.5359375 0.045703125 0.0591796875
1 0.8671875 0.675 0.03359375 0.07646484375
1 0.3296875 0.6296875 0.033984375 0.0435546875
1 0.36640625 0.62734375 0.0384765625 0.0375
1 0.4265625 0.621875 0.0388671875 0.0388671875
1 0.45859375 0.6234375 0.0435546875 0.0443359375
1 0.49609375 0.63125 0.03203125 0.046484375
1 0.53671875 0.640625 0.0380859375 0.03828125
1 0.57109375 0.6484375 0.0431640625 0.0427734375
1 0.61484375 0.65390625 0.0369140625 0.0369140625
1 0.64140625 0.65546875 0.030078125 0.0302734375
1 0.6703125 0.66484375 0.0318359375 0.04609375
1 0.7109375 0.675 0.04521484375 0.04619140625
1 0.78125 0.6921875 0.0287109375 0.0486328125
0 0.3265625 0.3953125 0.05478515625 0.05458984375