1 0.5375 0.528125 0.03125 0.04765625
1 0.12109375 0.8859375 0.0125 0.08984375
1 0.08984375 0.15 0.01796875 0.0953125
1 0.0203125 0.509375 0.03046875 0.03984375
1 0.20078125 0.053125 0.01484375 0.08984375
1 0.22265625 0.61796875 0.01484375 0.08515625
1 0.34375 0.28359375 0.03125 0.0453125
1 0.415625 0.2390625 0.03125 0.04765625
1 0.378125 0.23203125 0.025 0.0421875
1 0.3421875 0.22421875 0.0296875 0.0453125
1 0.72890625 0.309375 0.03359375 0.053125
1 0.6875 0.290625 0.0265625 0.0453125
1 0.45859375 0.3046875 0.0296875 0.0421875
1 0.3828125 0.34375 0.02890625 0.04765625
1 0.65 0.2796875 0.0265625 0.0421875
1 0.61796875 0.27578125 0.02578125 0.0421875
1 0.58671875 0.27578125 0.02890625 0.03984375
1 0.540625 0.2625 0.0296875 0.03984375
1 0.88828125 0.19921875 0.01328125 0.0875
1 0.88984375 0.103125 0.01328125 0.08203125
1 0.8328125 0.15234375 0.0125 0.0953125
1 0.7890625 0.45859375 0.03046875 0.053125
1 0.89453125 0.515625 0.0265625 0.05078125
1 0.86953125 0.67734375 0.0296875 0.07421875
1 0.33203125 0.63359375 0.03125 0.0421875
1 0.36796875 0.6296875 0.02890625 0.03984375
1 0.428125 0.625 0.0265625 0.0421875
1 0.4625 0.62578125 0.0265625 0.03984375
1 0.5 0.6328125 0.02578125 0.0453125
1 0.540625 0.6421875 0.03203125 0.0421875
1 0.57421875 0.65 0.02421875 0.04765625
1 0.6171875 0.65625 0.025 0.0421875
1 0.64453125 0.659375 0.01875 0.0421875
1 0.6734375 0.66484375 0.0296875 0.0421875
1 0.7140625 0.6765625 0.03125 0.0421875
1 0.784375 0.690625 0.025 0.0453125
0 0.3546875 0.40546875 0.03515625 0.05859375