1 0.4796875 0.5265625 0.03203125 0.0453125
1 0.121875 0.8859375 0.0125 0.08984375
1 0.09296875 0.12578125 0.0140625 0.09296875
1 0.02109375 0.51171875 0.03125 0.0421875
1 0.2109375 0.31328125 0.015625 0.0875
1 0.23125 0.80234375 0.01484375 0.08515625
1 0.35234375 0.2890625 0.03125 0.0421875
1 0.41796875 0.24296875 0.03046875 0.04765625
1 0.38046875 0.2359375 0.02578125 0.0453125
1 0.34375 0.2265625 0.0296875 0.04765625
1 0.7296875 0.3171875 0.03359375 0.05078125
1 0.68984375 0.2984375 0.02734375 0.0453125
1 0.490625 0.3171875 0.028125 0.0421875
1 0.4 0.3484375 0.0296875 0.0453125
1 0.65078125 0.2875 0.028125 0.0453125
1 0.61875 0.28359375 0.02578125 0.04765625
1 0.5875 0.28125 0.0296875 0.03984375
1 0.5421875 0.26953125 0.03046875 0.0421875
1 0.88984375 0.20546875 0.01328125 0.08984375
1 0.8921875 0.10625 0.01328125 0.08515625
1 0.834375 0.15234375 0.0125 0.103125
1 0.85703125 0.49453125 0.03125 0.05546875
1 0.9578125 0.5546875 0.02578125 0.04765625
1 0.86953125 0.67890625 0.03046875 0.0796875
1 0.33359375 0.63828125 0.03125 0.0453125
1 0.36953125 0.63515625 0.0296875 0.0421875
1 0.4296875 0.62734375 0.02734375 0.03984375
1 0.4625 0.63125 0.02578125 0.03984375
1 0.5 0.63828125 0.02578125 0.0421875
1 0.53984375 0.64609375 0.03125 0.0453125
1 0.575 0.65625 0.0265625 0.04765625
1 0.61796875 0.66171875 0.02734375 0.0453125
1 0.64453125 0.66484375 0.01875 0.0421875
1 0.6734375 0.66953125 0.03359375 0.0421875
1 0.715625 0.684375 0.0296875 0.04765625
1 0.78515625 0.69375 0.02421875 0.04765625
0 0.37421875 0.40859375 0.034375 0.05859375