1 0.56796875 0.528125 0.0328125 0.04765625
1 0.121875 0.88203125 0.0125 0.08984375
1 0.0859375 0.17265625 0.02109375 0.0984375
1 0.0203125 0.5109375 0.03046875 0.0421875
1 0.21875 0.525 0.01484375 0.08203125
1 0.25234375 0.946875 0.0140625 0.0953125
1 0.34140625 0.278125 0.03046875 0.03984375
1 0.41640625 0.2359375 0.0328125 0.04765625
1 0.37890625 0.2296875 0.02421875 0.04765625
1 0.34296875 0.22265625 0.0296875 0.0453125
1 0.72734375 0.309375 0.03359375 0.05078125
1 0.68828125 0.290625 0.0265625 0.0453125
1 0.44453125 0.30078125 0.02890625 0.0453125
1 0.37734375 0.33828125 0.028125 0.0421875
1 0.64921875 0.28125 0.0265625 0.0421875
1 0.61796875 0.278125 0.025 0.0421875
1 0.5859375 0.27421875 0.02890625 0.0375
1 0.53984375 0.2640625 0.0296875 0.0421875
1 0.88671875 0.2 0.0125 0.0875
1 0.8890625 0.103125 0.0125 0.08203125
1 0.83125 0.1515625 0.0125 0.0953125
1 0.75703125 0.44140625 0.0328125 0.05546875
1 0.86328125 0.5 0.0265625 0.05078125
1 0.97265625 0.55703125 0.03515625 0.05859375
1 0.86875 0.6765625 0.02890625 0.07421875
1 0.33203125 0.6296875 0.03125 0.0421875
1 0.36796875 0.62734375 0.028125 0.0421875
1 0.428125 0.621875 0.025 0.03984375
1 0.4625 0.62734375 0.02578125 0.03984375
1 0.49921875 0.63125 0.0265625 0.0421875
1 0.5390625 0.640625 0.03125 0.0453125
1 0.57421875 0.6484375 0.025 0.0453125
1 0.6171875 0.65546875 0.0265625 0.0453125
1 0.64375 0.65625 0.01875 0.0421875
1 0.671875 0.66484375 0.0296875 0.03984375
1 0.7140625 0.67734375 0.03046875 0.0453125
1 0.78359375 0.690625 0.02421875 0.04765625
0 0.34765625 0.40078125 0.0328125 0.05859375