1 0.4796875 0.5265625 0.03994140625 0.0380859375
1 0.121875 0.8859375 0.0609375 0.06083984375
1 0.09296875 0.12578125 0.06328125 0.0642578125
1 0.02109375 0.51171875 0.03125 0.0421875
1 0.2109375 0.31328125 0.0609375 0.06015625
1 0.23125 0.80234375 0.05888671875 0.05966796875
1 0.35234375 0.2890625 0.040625 0.0416015625
1 0.41796875 0.24296875 0.04150390625 0.04130859375
1 0.38046875 0.2359375 0.0380859375 0.048828125
1 0.34375 0.2265625 0.041015625 0.0517578125
1 0.7296875 0.3171875 0.0419921875 0.0439453125
1 0.68984375 0.2984375 0.04345703125 0.0431640625
1 0.490625 0.3171875 0.040625 0.0408203125
1 0.4 0.3484375 0.043359375 0.043359375
1 0.65078125 0.2875 0.0296875 0.044921875
1 0.61875 0.28359375 0.03369140625 0.05068359375
1 0.5875 0.28125 0.0388671875 0.03896484375
1 0.5421875 0.26953125 0.03818359375 0.046875
1 0.88984375 0.20546875 0.0349609375 0.0861328125
1 0.8921875 0.10625 0.05947265625 0.05947265625
1 0.834375 0.15234375 0.06484375 0.06484375
1 0.85703125 0.49453125 0.049609375 0.04970703125
1 0.9578125 0.5546875 0.0439453125 0.0439453125
1 0.86953125 0.67890625 0.06494140625 0.06484375
1 0.33359375 0.63828125 0.040234375 0.040234375
1 0.36953125 0.63515625 0.03828125 0.046875
1 0.4296875 0.62734375 0.04013671875 0.04033203125
1 0.4625 0.63125 0.0267578125 0.0412109375
1 0.5 0.63828125 0.0396484375 0.039453125
1 0.53984375 0.64609375 0.03828125 0.04921875
1 0.575 0.65625 0.0330078125 0.04931640625
1 0.61796875 0.66171875 0.0361328125 0.0484375
1 0.64453125 0.66484375 0.033203125 0.033203125
1 0.6734375 0.66953125 0.0419921875 0.04765625
1 0.715625 0.684375 0.0380859375 0.03994140625
1 0.78515625 0.69375 0.0267578125 0.0478515625
0 0.37421875 0.40859375 0.04921875 0.0619140625