1 0.4796875 0.5265625 0.04150390625 0.0396484375
1 0.121875 0.8859375 0.02734375 0.08974609375
1 0.09296875 0.12578125 0.0265625 0.0923828125
1 0.02109375 0.5109375 0.0421875 0.04375
1 0.2109375 0.31328125 0.01953125 0.0875
1 0.23125 0.80234375 0.0564453125 0.0564453125
1 0.35234375 0.2890625 0.04296875 0.044140625
1 0.41796875 0.24296875 0.0439453125 0.0435546875
1 0.38046875 0.2359375 0.04169921875 0.0416015625
1 0.34375 0.2265625 0.0466796875 0.04697265625
1 0.7296875 0.3171875 0.0412109375 0.0431640625
1 0.68984375 0.2984375 0.0427734375 0.0421875
1 0.490625 0.3171875 0.03515625 0.044921875
1 0.4 0.3484375 0.039453125 0.039453125
1 0.65078125 0.2875 0.04375 0.0439453125
1 0.61875 0.28359375 0.04033203125 0.03935546875
1 0.5875 0.28125 0.041015625 0.0412109375
1 0.5421875 0.26953125 0.0431640625 0.043359375
1 0.88984375 0.20546875 0.05458984375 0.05478515625
1 0.8921875 0.10625 0.0291015625 0.0830078125
1 0.834375 0.15234375 0.025 0.10234375
1 0.85703125 0.49453125 0.045703125 0.04580078125
1 0.9578125 0.5546875 0.04228515625 0.04228515625
1 0.86953125 0.67890625 0.06494140625 0.06484375
1 0.33359375 0.63828125 0.046484375 0.046484375
1 0.36953125 0.63515625 0.04140625 0.04140625
1 0.4296875 0.62734375 0.03583984375 0.04306640625
1 0.4625 0.63125 0.0369140625 0.0357421875
1 0.5 0.63828125 0.03447265625 0.0453125
1 0.53984375 0.64609375 0.045703125 0.045703125
1 0.575 0.65625 0.041015625 0.0408203125
1 0.61796875 0.66171875 0.04306640625 0.04296875
1 0.64453125 0.66484375 0.01875 0.0421875
1 0.6734375 0.66953125 0.04560546875 0.045703125
1 0.715625 0.684375 0.044140625 0.0455078125
1 0.78515625 0.69375 0.0419921875 0.0412109375
0 0.37421875 0.40859375 0.053515625 0.0537109375