1 0.428125 0.5171875 0.0439453125 0.0419921875
1 0.1234375 0.88203125 0.0203125 0.0875
1 0.09609375 0.09921875 0.059375 0.059375
1 0.021875 0.5078125 0.03125 0.0408203125
1 0.22265625 0.553125 0.059765625 0.0603515625
1 0.2375 0.965625 0.02255859375 0.06650390625
1 0.365625 0.2828125 0.0337890625 0.042578125
1 0.41953125 0.2375 0.04072265625 0.05087890625
1 0.3828125 0.2296875 0.03359375 0.0337890625
1 0.34609375 0.221875 0.0359375 0.0533203125
1 0.7328125 0.31171875 0.0470703125 0.0462890625
1 0.6921875 0.29140625 0.03349609375 0.05380859375
1 0.52421875 0.315625 0.043359375 0.04267578125
1 0.421875 0.34765625 0.0455078125 0.045703125
1 0.65234375 0.2828125 0.0421875 0.0419921875
1 0.621875 0.278125 0.03125 0.0458984375
1 0.590625 0.27578125 0.030859375 0.0421875
1 0.54375 0.2640625 0.0408203125 0.0404296875
1 0.8921875 0.203125 0.0576171875 0.05771484375
1 0.89453125 0.1046875 0.0572265625 0.0576171875
1 0.83671875 0.15390625 0.03583984375 0.09912109375
1 0.8390625 0.03828125 0.0470703125 0.046875
1 0.92734375 0.52890625 0.0486328125 0.048828125
1 0.86796875 0.66875 0.05517578125 0.054296875
1 0.33515625 0.63125 0.03359375 0.0455078125
1 0.37109375 0.62890625 0.03828125 0.03916015625
1 0.43125 0.621875 0.0275390625 0.04130859375
1 0.46484375 0.62734375 0.0384765625 0.0384765625
1 0.50234375 0.6328125 0.0416015625 0.0427734375
1 0.54296875 0.64296875 0.04609375 0.04521484375
1 0.57734375 0.65 0.0421875 0.04306640625
1 0.6203125 0.65546875 0.0416015625 0.041796875
1 0.646875 0.659375 0.028125 0.04208984375
1 0.67578125 0.66953125 0.0412109375 0.0529296875
1 0.7171875 0.67734375 0.0380859375 0.0384765625
1 0.78671875 0.69375 0.040234375 0.0404296875
0 0.39921875 0.4109375 0.05625 0.05615234375