1 0.725 0.5546875 0.03203125 0.053125
1 0.12109375 0.8875 0.01171875 0.08984375
1 0.04140625 0.25625 0.0265625 0.053125
1 0.096875 0.10625 0.015625 0.0984375
1 0.02265625 0.5109375 0.02890625 0.0375
1 0.25 0.70703125 0.015625 0.10078125
1 0.2171875 0.52109375 0.01640625 0.0984375
1 0.3375 0.2828125 0.03125 0.0453125
1 0.41484375 0.24140625 0.03046875 0.0453125
1 0.378125 0.23046875 0.025 0.0453125
1 0.340625 0.22578125 0.0296875 0.0421875
1 0.725 0.3140625 0.03125 0.05078125
1 0.6859375 0.29609375 0.0265625 0.0453125
1 0.38828125 0.29453125 0.028125 0.0421875
1 0.3546875 0.33984375 0.028125 0.0453125
1 0.646875 0.28359375 0.025 0.0421875
1 0.615625 0.2828125 0.02578125 0.03984375
1 0.584375 0.278125 0.0296875 0.03984375
1 0.5390625 0.26796875 0.03046875 0.0421875
1 0.884375 0.20390625 0.0125 0.0875
1 0.8859375 0.1078125 0.0125 0.0796875
1 0.6140625 0.3921875 0.03125 0.04765625
1 0.721875 0.43515625 0.0265625 0.0453125
1 0.82265625 0.4828125 0.03515625 0.05859375
1 0.94765625 0.55546875 0.03359375 0.05859375
1 0.86796875 0.68046875 0.028125 0.0765625
1 0.33125 0.63359375 0.03046875 0.0421875
1 0.36796875 0.63125 0.02734375 0.0421875
1 0.4265625 0.62734375 0.025 0.0421875
1 0.46015625 0.62890625 0.02734375 0.04765625
1 0.49765625 0.63515625 0.025 0.0453125
1 0.53828125 0.64453125 0.03046875 0.0453125
1 0.57265625 0.65390625 0.0234375 0.04765625
1 0.615625 0.659375 0.025 0.03984375
1 0.6421875 0.66015625 0.01796875 0.0375
1 0.671875 0.66875 0.0296875 0.0421875
1 0.7125 0.67890625 0.0296875 0.0453125
1 0.7828125 0.69609375 0.0234375 0.0421875
0 0.32890625 0.40078125 0.03515625 0.05859375