1 0.7546875 0.55546875 0.040625 0.05224609375
1 0.1203125 0.88046875 0.0265625 0.0884765625
1 0.02578125 0.25234375 0.03271484375 0.0453125
1 0.09296875 0.1328125 0.066796875 0.06796875
1 0.11796875 0.0421875 0.057421875 0.05673828125
1 0.021875 0.50546875 0.0337890625 0.0453125
1 0.25 0.6765625 0.0265625 0.1099609375
1 0.21171875 0.4015625 0.0671875 0.0673828125
1 0.3359375 0.27734375 0.03671875 0.0484375
1 0.41328125 0.2359375 0.0412109375 0.049609375
1 0.3765625 0.228125 0.03603515625 0.0361328125
1 0.33984375 0.221875 0.0421875 0.0419921875
1 0.7234375 0.309375 0.0390625 0.0509765625
1 0.68359375 0.290625 0.0369140625 0.0380859375
1 0.38046875 0.2875 0.03671875 0.0376953125
1 0.34921875 0.3328125 0.0396484375 0.03828125
1 0.0703125 0.64609375 0.0876953125 0.087109375
1 0.6140625 0.27578125 0.0376953125 0.037890625
1 0.5828125 0.2734375 0.03740234375 0.03740234375
1 0.53671875 0.2625 0.037109375 0.03623046875
1 0.88203125 0.19921875 0.055078125 0.0552734375
1 0.884375 0.103125 0.04921875 0.0490234375
1 0.58828125 0.38046875 0.044140625 0.04404296875
1 0.69609375 0.421875 0.040234375 0.0400390625
1 0.79453125 0.465625 0.04765625 0.0638671875
1 0.9125 0.5359375 0.052734375 0.0521484375
1 0.8671875 0.675 0.06015625 0.0591796875
1 0.3296875 0.6296875 0.0376953125 0.03740234375
1 0.36640625 0.62734375 0.03369140625 0.0453125
1 0.4265625 0.621875 0.0396484375 0.0396484375
1 0.45859375 0.6234375 0.0427734375 0.0427734375
1 0.49609375 0.63125 0.0296875 0.0462890625
1 0.53671875 0.640625 0.04033203125 0.0400390625
1 0.57109375 0.6484375 0.04326171875 0.04345703125
1 0.61484375 0.65390625 0.03212890625 0.04228515625
1 0.64140625 0.65546875 0.0296875 0.0400390625
1 0.6703125 0.66484375 0.04091796875 0.041796875
1 0.7109375 0.675 0.03974609375 0.05087890625
1 0.78125 0.6921875 0.03662109375 0.04931640625
0 0.3265625 0.3953125 0.0470703125 0.0630859375