1 0.7546875 0.55546875 0.03125 0.04765625
1 0.1203125 0.88046875 0.0125 0.08984375
1 0.02578125 0.25234375 0.02578125 0.0421875
1 0.09296875 0.1328125 0.0203125 0.0984375
1 0.11796875 0.0421875 0.0140625 0.08203125
1 0.021875 0.50546875 0.02890625 0.0421875
1 0.25 0.6765625 0.01875 0.10859375
1 0.21171875 0.4015625 0.015625 0.0984375
1 0.3359375 0.27734375 0.03125 0.0453125
1 0.41328125 0.2359375 0.02890625 0.0453125
1 0.3765625 0.228125 0.02578125 0.0453125
1 0.33984375 0.221875 0.028125 0.0421875
1 0.7234375 0.309375 0.03125 0.04765625
1 0.68359375 0.290625 0.02578125 0.04765625
1 0.38046875 0.2875 0.028125 0.0453125
1 0.34921875 0.3328125 0.02734375 0.0453125
1 0.0703125 0.64609375 0.13984375 0.0265625
1 0.6140625 0.27578125 0.02421875 0.0421875
1 0.5828125 0.2734375 0.03046875 0.03984375
1 0.53671875 0.2625 0.0296875 0.03984375
1 0.88203125 0.19921875 0.0125 0.08984375
1 0.884375 0.103125 0.0125 0.0796875
1 0.58828125 0.38046875 0.03125 0.04765625
1 0.69609375 0.421875 0.0265625 0.0421875
1 0.79453125 0.465625 0.0359375 0.05859375
1 0.9125 0.5359375 0.0328125 0.05546875
1 0.8671875 0.675 0.028125 0.07421875
1 0.3296875 0.6296875 0.0296875 0.03984375
1 0.36640625 0.62734375 0.02734375 0.0421875
1 0.4265625 0.621875 0.0265625 0.0421875
1 0.45859375 0.6234375 0.02734375 0.04765625
1 0.49609375 0.63125 0.0234375 0.0453125
1 0.53671875 0.640625 0.03046875 0.0421875
1 0.57109375 0.6484375 0.02578125 0.05078125
1 0.61484375 0.65390625 0.02421875 0.03984375
1 0.64140625 0.65546875 0.01875 0.03984375
1 0.6703125 0.66484375 0.03046875 0.0453125
1 0.7109375 0.675 0.03046875 0.04765625
1 0.78125 0.6921875 0.02421875 0.04765625
0 0.3265625 0.3953125 0.03515625 0.05859375