1 0.59921875 0.5328125 0.03671875 0.0498046875
1 0.121875 0.88046875 0.060546875 0.06064453125
1 0.08359375 0.1859375 0.071484375 0.0712890625
1 0.021875 0.50625 0.0384765625 0.0380859375
1 0.215625 0.4234375 0.0626953125 0.0625
1 0.25 0.884375 0.061328125 0.060546875
1 0.23359375 0.94453125 0.04453125 0.08828125
1 0.33984375 0.278125 0.03984375 0.0482421875
1 0.415625 0.234375 0.0390625 0.05087890625
1 0.37890625 0.228125 0.0390625 0.0388671875
1 0.3421875 0.2203125 0.03447265625 0.0345703125
1 0.72734375 0.309375 0.04130859375 0.05400390625
1 0.6875 0.2875 0.033203125 0.0494140625
1 0.43125 0.2984375 0.0447265625 0.044140625
1 0.37265625 0.33515625 0.03818359375 0.03916015625
1 0.6484375 0.28125 0.0287109375 0.0435546875
1 0.6171875 0.27734375 0.03134765625 0.04765625
1 0.5859375 0.2734375 0.0310546875 0.041015625
1 0.53984375 0.2625 0.038671875 0.0392578125
1 0.88671875 0.19921875 0.0505859375 0.050390625
1 0.8890625 0.103125 0.05400390625 0.0537109375
1 0.83125 0.15390625 0.0533203125 0.0529296875
1 0.7265625 0.4296875 0.050390625 0.0505859375
1 0.83359375 0.484375 0.041796875 0.04189453125
1 0.93984375 0.5375 0.056640625 0.05654296875
1 0.86953125 0.6765625 0.0603515625 0.06015625
1 0.33203125 0.6296875 0.044921875 0.04453125
1 0.36875 0.62734375 0.041015625 0.041015625
1 0.428125 0.621875 0.0376953125 0.037890625
1 0.46171875 0.62578125 0.03896484375 0.0390625
1 0.49921875 0.6296875 0.03623046875 0.0369140625
1 0.5390625 0.640625 0.03916015625 0.0486328125
1 0.57421875 0.6484375 0.0404296875 0.03984375
1 0.61640625 0.65390625 0.034375 0.0453125
1 0.64375 0.65546875 0.0216796875 0.03828125
1 0.67265625 0.66484375 0.0384765625 0.0384765625
1 0.7125 0.67734375 0.044140625 0.044140625
1 0.784375 0.68984375 0.0400390625 0.040234375
0 0.34296875 0.396875 0.0533203125 0.0533203125