1 0.59921875 0.5328125 0.03125 0.0453125
1 0.121875 0.88046875 0.0125 0.08984375
1 0.08359375 0.1859375 0.0234375 0.0953125
1 0.021875 0.50625 0.02890625 0.03984375
1 0.215625 0.4234375 0.01640625 0.0875
1 0.25 0.884375 0.0140625 0.0984375
1 0.23359375 0.94453125 0.015625 0.0953125
1 0.33984375 0.278125 0.03125 0.0421875
1 0.415625 0.234375 0.03125 0.04765625
1 0.37890625 0.228125 0.025 0.0421875
1 0.3421875 0.2203125 0.02890625 0.0421875
1 0.72734375 0.309375 0.03203125 0.05078125
1 0.6875 0.2875 0.0265625 0.04765625
1 0.43125 0.2984375 0.02890625 0.0453125
1 0.37265625 0.33515625 0.02890625 0.03984375
1 0.6484375 0.28125 0.0265625 0.0421875
1 0.6171875 0.27734375 0.02578125 0.0453125
1 0.5859375 0.2734375 0.03046875 0.0421875
1 0.53984375 0.2625 0.0296875 0.0421875
1 0.88671875 0.19921875 0.01171875 0.0875
1 0.8890625 0.103125 0.01328125 0.0796875
1 0.83125 0.15390625 0.01171875 0.09296875
1 0.7265625 0.4296875 0.0328125 0.05546875
1 0.83359375 0.484375 0.0265625 0.05078125
1 0.93984375 0.5375 0.0359375 0.05859375
1 0.86953125 0.6765625 0.02890625 0.0765625
1 0.33203125 0.6296875 0.0296875 0.0453125
1 0.36875 0.62734375 0.028125 0.0421875
1 0.428125 0.621875 0.02578125 0.0453125
1 0.46171875 0.62578125 0.02578125 0.0421875
1 0.49921875 0.6296875 0.02578125 0.0453125
1 0.5390625 0.640625 0.03203125 0.0453125
1 0.57421875 0.6484375 0.02421875 0.0453125
1 0.61640625 0.65390625 0.0265625 0.0421875
1 0.64375 0.65546875 0.01796875 0.0375
1 0.67265625 0.66484375 0.03046875 0.03984375
1 0.7125 0.67734375 0.03125 0.0453125
1 0.784375 0.68984375 0.02421875 0.0453125
0 0.34296875 0.396875 0.03515625 0.05546875