1 0.4546875 0.52109375 0.0455078125 0.044921875
1 0.1234375 0.884375 0.05859375 0.05859375
1 0.0953125 0.11171875 0.065625 0.066796875
1 0.0234375 0.509375 0.04443359375 0.0443359375
1 0.21796875 0.43359375 0.0166015625 0.0875
1 0.2359375 0.8859375 0.02265625 0.08134765625
1 0.36015625 0.28671875 0.041015625 0.041015625
1 0.4203125 0.23984375 0.0494140625 0.0494140625
1 0.3828125 0.23359375 0.0431640625 0.043359375
1 0.34609375 0.22578125 0.04619140625 0.04599609375
1 0.73203125 0.3140625 0.05126953125 0.051171875
1 0.6921875 0.29609375 0.0396484375 0.0513671875
1 0.5078125 0.315625 0.0376953125 0.0474609375
1 0.41171875 0.3484375 0.039453125 0.03876953125
1 0.653125 0.28671875 0.041015625 0.041015625
1 0.621875 0.28359375 0.0259765625 0.04609375
1 0.58984375 0.2796875 0.0408203125 0.04140625
1 0.54453125 0.265625 0.03984375 0.0396484375
1 0.8921875 0.20546875 0.0546875 0.0544921875
1 0.89375 0.10859375 0.0171875 0.0826171875
1 0.83671875 0.15390625 0.04599609375 0.09287109375
1 0.83828125 0.0421875 0.0125 0.07490234375
1 0.8921875 0.51328125 0.050390625 0.0498046875
1 0.9859375 0.57109375 0.028125 0.0515625
1 0.8703125 0.67734375 0.049609375 0.0728515625
1 0.33515625 0.63359375 0.04306640625 0.04296875
1 0.37109375 0.6296875 0.034375 0.0435546875
1 0.43125 0.625 0.03896484375 0.0466796875
1 0.465625 0.62890625 0.0404296875 0.040234375
1 0.50234375 0.63671875 0.0419921875 0.0419921875
1 0.5421875 0.64296875 0.03671875 0.05146484375
1 0.57734375 0.65390625 0.04208984375 0.04208984375
1 0.6203125 0.659375 0.037109375 0.037109375
1 0.64765625 0.66328125 0.0357421875 0.0359375
1 0.67578125 0.66953125 0.04677734375 0.046875
1 0.7171875 0.68203125 0.0337890625 0.05068359375
1 0.7875 0.69609375 0.0423828125 0.04248046875
0 0.38671875 0.4125 0.053125 0.0521484375