1 0.25703125 0.26640625 0.0296875 0.03359375
1 0.15234375 0.1734375 0.03046875 0.030078125
2 0.415625 0.4046875 0.0671875 0.066796875
1 0.34609375 0.32109375 0.03125 0.034375
1 0.54140625 0.53359375 0.033203125 0.033203125
1 0.55625 0.6296875 0.0337890625 0.0318359375
1 0.56640625 0.615625 0.037109375 0.037109375
1 0.13671875 0.2703125 0.04375 0.04921875
1 0.88046875 0.77578125 0.0296875 0.0390625
1 0.93515625 0.659375 0.03671875 0.03671875
1 0.54765625 0.7109375 0.028515625 0.0275390625
1 0.6390625 0.72890625 0.0234375 0.0234375
2 0.4859375 0.61328125 0.02734375 0.0359375
1 0.3875 0.553125 0.0296875 0.04140625
2 0.35078125 0.34921875 0.034765625 0.034765625
1 0.578125 0.52578125 0.0296875 0.0296875
1 0.44609375 0.66484375 0.028515625 0.028515625
1 0.39453125 0.62421875 0.02265625 0.04375
1 0.38046875 0.375 0.030078125 0.029296875
1 0.4 0.36484375 0.02890625 0.02890625
1 0.2109375 0.34140625 0.0361328125 0.03515625
1 0.45546875 0.4125 0.0359375 0.0359375
1 0.44921875 0.428125 0.035546875 0.035546875
1 0.42890625 0.4390625 0.035546875 0.0365234375
1 0.45390625 0.46328125 0.032421875 0.032421875
1 0.396875 0.41171875 0.029296875 0.029296875
1 0.50546875 0.9 0.039453125 0.03828125
1 0.52421875 0.89921875 0.0375 0.0375
1 0.80078125 0.8890625 0.023828125 0.0248046875