1 0.16328125 0.45390625 0.0546875 0.1375
1 0.30078125 0.45234375 0.0546875 0.1453125
1 0.36328125 0.43203125 0.053125 0.153125
1 0.43203125 0.425 0.053125 0.140625
1 0.4921875 0.41953125 0.0484375 0.1421875
1 0.55859375 0.4234375 0.0609375 0.140625
1 0.63046875 0.43359375 0.059375 0.1453125
1 0.690625 0.4234375 0.0546875 0.1375
1 0.759375 0.43515625 0.05625 0.1421875
1 0.81796875 0.60078125 0.0703125 0.15625
1 0.74453125 0.59921875 0.065625 0.15625
1 0.6796875 0.5953125 0.059375 0.1484375
1 0.6140625 0.59296875 0.0640625 0.153125
1 0.54375 0.5921875 0.0515625 0.153125
1 0.4765625 0.59375 0.0609375 0.1484375
1 0.4125 0.59453125 0.0625 0.153125
1 0.3453125 0.60234375 0.053125 0.153125
1 0.2734375 0.6171875 0.05 0.171875
1 0.2078125 0.609375 0.0609375 0.1484375
1 0.14296875 0.61796875 0.059375 0.15625
1 0.07734375 0.61953125 0.0578125 0.153125
1 0.64140625 0.14140625 0.059375 0.1453125
1 0.57578125 0.14296875 0.053125 0.134375
1 0.5125 0.14140625 0.053125 0.1359375
1 0.4453125 0.14453125 0.0453125 0.134375
1 0.37890625 0.14453125 0.059375 0.1390625
1 0.3203125 0.15703125 0.0515625 0.1390625
1 0.25546875 0.15234375 0.0484375 0.13125
1 0.13515625 0.1515625 0.053125 0.1203125
1 0.07578125 0.14453125 0.053125 0.1359375
1 0.73046875 0.92265625 0.0640625 0.1515625
1 0.803125 0.92421875 0.0671875 0.1484375
1 0.87421875 0.92109375 0.05625 0.1515625
1 0.9515625 0.90859375 0.0640625 0.1578125
1 0.590625 0.92109375 0.0734375 0.153125
1 0.52421875 0.92265625 0.053125 0.1484375
1 0.45390625 0.92109375 0.0546875 0.1484375
1 0.3796875 0.91796875 0.0625 0.1578125
1 0.31875 0.91328125 0.0578125 0.14375
1 0.246875 0.921875 0.0578125 0.1546875
1 0.17734375 0.92734375 0.0578125 0.14375
1 0.875 0.0921875 0.1203125 0.125
1 0.90234375 0.1546875 0.1171875 0.10625
1 0.93046875 0.22265625 0.1171875 0.109375
1 0.95 0.30859375 0.096875 0.1140625