0 0.53828125 0.20859375 0.16015625 0.12421875
1 0.34921875 0.2125 0.08828125 0.0921875
1 0.44140625 0.315625 0.103125 0.09609375
1 0.425 0.415625 0.07265625 0.0728515625
1 0.57421875 0.43359375 0.095703125 0.095703125
1 0.6890625 0.42421875 0.069140625 0.068359375
1 0.66015625 0.30390625 0.0875 0.0875
1 0.72109375 0.20234375 0.0671875 0.0671875
1 0.80078125 0.3140625 0.096875 0.09296875
1 0.890625 0.31640625 0.0806640625 0.078125
1 0.88125 0.415625 0.096875 0.096875
1 0.8671875 0.51796875 0.0796875 0.08046875
1 0.32578125 0.41015625 0.08515625 0.0765625
1 0.33671875 0.525 0.076953125 0.076171875
1 0.2265625 0.42890625 0.0873046875 0.0875
1 0.23515625 0.31875 0.078515625 0.078125
1 0.2546875 0.21875 0.0765625 0.0763671875
1 0.1640625 0.21875 0.071875 0.07578125
1 0.0859375 0.22734375 0.0873046875 0.08125
1 0.184375 0.05625 0.075 0.0751953125
1 0.1296875 0.44453125 0.071875 0.07109375
1 0.1328125 0.325 0.091015625 0.091796875
1 0.04453125 0.328125 0.08125 0.080859375
1 0.0390625 0.43125 0.07734375 0.076953125
1 0.190625 0.521875 0.084765625 0.084375
1 0.2625 0.6390625 0.0861328125 0.0861328125
1 0.5875 0.6234375 0.0859375 0.0857421875
1 0.9296875 0.70703125 0.0763671875 0.075390625
1 0.846875 0.92109375 0.083203125 0.083984375
1 0.64375 0.93203125 0.09140625 0.09140625
1 0.9484375 0.9203125 0.08828125 0.0873046875
1 0.96171875 0.79765625 0.0765625 0.0765625
2 0.5828125 0.740625 0.11875 0.1185546875
1 0.06640625 0.959375 0.0921875 0.08125
1 0.42578125 0.04375 0.071875 0.071875