2 0.74296875 0.2171875 0.1796875 0.1234375
1 0.39921875 0.3546875 0.1265625 0.0953125
1 0.39921875 0.553125 0.125 0.1125
1 0.58046875 0.53671875 0.1421875 0.115625
1 0.796875 0.57421875 0.1296875 0.1125
1 0.7984375 0.72421875 0.1375 0.1109375
1 0.5765625 0.74921875 0.10625 0.109375
1 0.40078125 0.75 0.115625 0.1140625
1 0.259375 0.753125 0.125 0.1078125
1 0.10546875 0.73515625 0.1390625 0.103125
1 0.94375 0.9234375 0.1125 0.1171875
1 0.9515625 0.73125 0.0953125 0.10625
1 0.96796875 0.528125 0.0640625 0.09375
1 0.09921875 0.93125 0.1140625 0.103125