0 0.53828125 0.20859375 0.146875 0.1015625
1 0.34921875 0.2125 0.0765625 0.08125
1 0.44140625 0.315625 0.090625 0.08125
1 0.425 0.415625 0.06875 0.0640625
1 0.57421875 0.43359375 0.08125 0.0765625
1 0.6890625 0.42421875 0.078125 0.0515625
1 0.66015625 0.30390625 0.0890625 0.0765625
1 0.72109375 0.20234375 0.065625 0.065625
1 0.80078125 0.3140625 0.084375 0.078125
1 0.890625 0.31640625 0.0703125 0.0640625
1 0.88125 0.415625 0.0875 0.075
1 0.8671875 0.51796875 0.08125 0.078125
1 0.32578125 0.41015625 0.0765625 0.065625
1 0.33671875 0.525 0.0796875 0.059375
1 0.2265625 0.42890625 0.0890625 0.071875
1 0.23515625 0.31875 0.0703125 0.0609375
1 0.2546875 0.21875 0.06875 0.0734375
1 0.1640625 0.21875 0.059375 0.065625
1 0.0859375 0.22734375 0.0765625 0.0703125
1 0.184375 0.05625 0.06875 0.0578125
1 0.1296875 0.44453125 0.06875 0.0671875
1 0.1328125 0.325 0.0765625 0.0765625
1 0.04453125 0.328125 0.06875 0.0734375
1 0.0390625 0.43125 0.065625 0.0671875
1 0.190625 0.521875 0.0828125 0.059375
1 0.2625 0.6390625 0.0828125 0.0734375
1 0.5875 0.6234375 0.071875 0.0703125
1 0.9296875 0.70703125 0.0734375 0.0703125
1 0.846875 0.92109375 0.075 0.0703125
1 0.64375 0.93203125 0.08125 0.071875
1 0.9484375 0.9203125 0.075 0.0765625
1 0.96328125 0.7984375 0.06875 0.0671875
2 0.5828125 0.740625 0.1125 0.0984375
1 0.0671875 0.9609375 0.08125 0.065625
1 0.42578125 0.04375 0.05625 0.0875