0 0.48984375 0.4734375 0.068359375 0.068359375
0 0.2953125 0.10390625 0.09609375 0.09609375
1 0.2703125 0.4109375 0.0345703125 0.0345703125
1 0.32734375 0.4296875 0.039453125 0.039453125
1 0.3703125 0.5421875 0.0349609375 0.03515625
2 0.478125 0.5796875 0.0484375 0.04765625
1 0.66875 0.575 0.04375 0.04375
1 0.74453125 0.6078125 0.036328125 0.03515625
1 0.73984375 0.440625 0.04609375 0.0373046875
1 0.6921875 0.478125 0.0421875 0.04296875
1 0.621875 0.4703125 0.0453125 0.044921875
1 0.60078125 0.50703125 0.03984375 0.03984375
1 0.53203125 0.54296875 0.041015625 0.041015625
1 0.1890625 0.53984375 0.04453125 0.0359375
1 0.140625 0.57734375 0.041796875 0.034375
1 0.08984375 0.53515625 0.04296875 0.04296875
1 0.2921875 0.28515625 0.04453125 0.04453125
1 0.45 0.19296875 0.0484375 0.0484375
1 0.475 0.2515625 0.0337890625 0.0318359375
1 0.496875 0.30546875 0.0373046875 0.03828125
1 0.53515625 0.16484375 0.05078125 0.05078125
1 0.47265625 0.14375 0.03046875 0.0609375
1 0.9234375 0.4453125 0.04375 0.04140625
1 0.95546875 0.509375 0.04140625 0.04140625
1 0.97734375 0.44296875 0.0453125 0.0390625
1 0.95234375 0.4140625 0.03828125 0.03125
1 0.9140625 0.4078125 0.0453125 0.0306640625
1 0.865625 0.40703125 0.04765625 0.04765625
1 0.81328125 0.39609375 0.0453125 0.0453125
1 0.5171875 0.43671875 0.03671875 0.0359375
1 0.53359375 0.509375 0.040625 0.0404296875
1 0.56796875 0.47734375 0.0421875 0.03046875
1 0.484375 0.509375 0.0453125 0.039453125
1 0.44375 0.50546875 0.03984375 0.03984375
1 0.39296875 0.509375 0.045703125 0.0458984375
1 0.3390625 0.509375 0.0451171875 0.0388671875
1 0.33671875 0.47578125 0.030859375 0.030859375
1 0.3796875 0.4734375 0.04453125 0.044140625
1 0.43203125 0.4390625 0.03828125 0.029296875
1 0.4234375 0.47578125 0.044921875 0.040625
1 0.59921875 0.40234375 0.040234375 0.040234375
2 0.415625 0.40546875 0.0697265625 0.04453125
0 0.81171875 0.4375 0.0734375 0.0734375
0 0.6453125 0.4390625 0.048828125 0.049609375
0 0.7484375 0.25625 0.113671875 0.113671875
1 0.0234375 0.559375 0.046875 0.05
1 0.1125 0.25625 0.044140625 0.044140625
1 0.11015625 0.28671875 0.0421875 0.0359375
1 0.0671875 0.253125 0.04453125 0.0328125
1 0.18984375 0.2390625 0.03671875 0.0369140625
1 0.19921875 0.21328125 0.0375 0.0375
1 0.20234375 0.18828125 0.042578125 0.042578125
1 0.19921875 0.1578125 0.038671875 0.038671875
1 0.49453125 0.09453125 0.03828125 0.0609375
1 0.5171875 0.034375 0.0380859375 0.0400390625
1 0.49453125 0.03203125 0.028125 0.05234375
0 0.559375 0.21328125 0.090625 0.090625
1 0.2375 0.08359375 0.0349609375 0.033984375
1 0.23984375 0.1171875 0.03515625 0.0349609375
2 0.2015625 0.1234375 0.055078125 0.055078125
1 0.19609375 0.01796875 0.0390625 0.0359375
1 0.20078125 0.04765625 0.03359375 0.03359375
1 0.2015625 0.07109375 0.037890625 0.037890625
1 0.2 0.0953125 0.037890625 0.039453125
2 0.47578125 0.7390625 0.095703125 0.0955078125
0 0.5625 0.71484375 0.0416015625 0.09609375
1 0.5015625 0.8390625 0.0306640625 0.0515625
1 0.5 0.68125 0.0291015625 0.0380859375
1 0.50234375 0.73984375 0.0359375 0.0359375
1 0.50078125 0.78515625 0.03828125 0.03828125
1 0.47890625 0.84921875 0.04296875 0.04296875
1 0.48046875 0.9140625 0.044921875 0.0447265625
1 0.50234375 0.890625 0.02890625 0.0400390625
1 0.5046875 0.96171875 0.040234375 0.06015625
1 0.4796875 0.96484375 0.041015625 0.040625
1 0.825 0.6453125 0.04296875 0.0427734375