1 0.3625 0.3890625 0.009375 0.028125
1 0.3578125 0.45078125 0.0078125 0.025
1 0.34296875 0.48359375 0.0078125 0.0203125
1 0.3328125 0.52265625 0.015625 0.025
1 0.3265625 0.54375 0.0125 0.021875
1 0.3109375 0.58515625 0.009375 0.0203125
2 0.290625 0.61953125 0.021875 0.0375
2 0.26875 0.65390625 0.0203125 0.0328125
1 0.24609375 0.68515625 0.0140625 0.025
1 0.25078125 0.6984375 0.0140625 0.021875
1 0.2328125 0.70390625 0.0109375 0.0203125
1 0.215625 0.72890625 0.0109375 0.0203125
2 0.36796875 0.74453125 0.034375 0.021875
1 0.43515625 0.7515625 0.0125 0.0171875
1 0.4546875 0.76015625 0.0125 0.0140625
1 0.45078125 0.7421875 0.015625 0.015625
1 0.5109375 0.77421875 0.0125 0.0140625
1 0.53671875 0.78203125 0.0109375 0.0140625
1 0.55078125 0.77265625 0.0125 0.0140625
1 0.609375 0.746875 0.0140625 0.0171875
1 0.57109375 0.76796875 0.0140625 0.0140625
1 0.56328125 0.8046875 0.0171875 0.0171875
2 0.6890625 0.6171875 0.021875 0.0578125
1 0.68359375 0.60390625 0.0109375 0.0265625
1 0.2515625 0.81484375 0.0109375 0.0171875
2 0.378125 0.25234375 0.009375 0.03125
1 0.37109375 0.34375 0.0109375 0.0296875
1 0.4203125 0.25546875 0.0140625 0.0171875
1 0.48203125 0.2015625 0.0125 0.0125
2 0.49140625 0.21484375 0.0125 0.015625
2 0.53203125 0.21015625 0.0125 0.0125
2 0.48046875 0.14453125 0.025 0.0453125
1 0.4984375 0.17578125 0.0140625 0.0234375
1 0.553125 0.21953125 0.0125 0.015625
1 0.6328125 0.2734375 0.0140625 0.021875
1 0.73515625 0.40390625 0.0125 0.021875
1 0.72421875 0.42734375 0.0125 0.0203125
2 0.7234375 0.45625 0.0140625 0.025
2 0.78671875 0.35703125 0.015625 0.01875
1 0.74375 0.4328125 0.0109375 0.01875
1 0.70234375 0.4828125 0.009375 0.0234375
1 0.7953125 0.24375 0.0125 0.0171875
1 0.75390625 0.3765625 0.0140625 0.01875
1 0.76640625 0.39609375 0.0125 0.0203125
1 0.759375 0.38515625 0.0125 0.0171875
1 0.73671875 0.42265625 0.0125 0.021875
1 0.71484375 0.4875 0.009375 0.0203125
1 0.721875 0.50625 0.0109375 0.0234375
1 0.71328125 0.590625 0.009375 0.01875
1 0.71875 0.6609375 0.009375 0.021875
1 0.83359375 0.32890625 0.0125 0.0125
2 0.0828125 0.60078125 0.0171875 0.0328125