2 0.74296875 0.2171875 0.181640625 0.1818359375
1 0.39921875 0.3546875 0.1421875 0.123828125
1 0.39921875 0.553125 0.14296875 0.14296875
1 0.58046875 0.53671875 0.137890625 0.137890625
1 0.796875 0.57421875 0.144921875 0.1453125
1 0.7984375 0.72421875 0.127734375 0.126953125
1 0.5765625 0.74921875 0.11484375 0.11484375
1 0.40078125 0.75 0.11640625 0.113671875
1 0.259375 0.753125 0.1390625 0.139453125
1 0.10546875 0.73515625 0.141015625 0.141015625
1 0.9375 0.92265625 0.125 0.1359375
1 0.9453125 0.7296875 0.109375 0.11875
1 0.96171875 0.52734375 0.0765625 0.0859375
1 0.09921875 0.93125 0.119140625 0.119921875