1 0.3484375 0.36796875 0.080859375 0.081640625
1 0.3296875 0.46796875 0.036328125 0.09375
1 0.61015625 0.57109375 0.070703125 0.070703125
1 0.5765625 0.36484375 0.066015625 0.065234375
1 0.61875 0.46875 0.0443359375 0.0837890625
1 0.44140625 0.2625 0.0640625 0.069921875
1 0.3953125 0.3 0.05859375 0.0583984375
1 0.33515625 0.1609375 0.065625 0.065234375
1 0.26953125 0.1140625 0.06875 0.068359375
1 0.32578125 0.57421875 0.03671875 0.0765625
1 0.31484375 0.67109375 0.066796875 0.066796875
1 0.29453125 0.759375 0.071484375 0.070703125
1 0.41484375 0.6765625 0.05390625 0.081640625
1 0.5765625 0.275 0.0703125 0.069921875
1 0.5015625 0.26875 0.0552734375 0.0529296875
1 0.44375 0.32578125 0.046875 0.059375
1 0.51015625 0.72109375 0.0640625 0.06171875
1 0.57890625 0.77578125 0.06328125 0.06328125
1 0.5328125 0.76953125 0.0474609375 0.0515625
1 0.68203125 0.809375 0.06484375 0.09609375
1 0.63359375 0.7734375 0.05078125 0.05078125
1 0.73671875 0.809375 0.06640625 0.066015625
1 0.75 0.73515625 0.070703125 0.069921875
1 0.76015625 0.62421875 0.067578125 0.067578125
1 0.78515625 0.66953125 0.06171875 0.06171875
1 0.8171875 0.4515625 0.043359375 0.067578125
1 0.771875 0.4484375 0.05546875 0.05546875
1 0.790625 0.528125 0.0697265625 0.06953125
1 0.28515625 0.178125 0.0671875 0.0671875
1 0.2015625 0.2546875 0.05859375 0.058984375
1 0.1765625 0.33203125 0.055859375 0.055859375
1 0.1703125 0.40625 0.053515625 0.055859375
1 0.1640625 0.49296875 0.064453125 0.06484375
1 0.1703125 0.59375 0.0802734375 0.0806640625
1 0.18515625 0.70625 0.05390625 0.0830078125
1 0.2109375 0.7890625 0.0578125 0.058203125
1 0.25390625 0.7921875 0.05390625 0.0625
1 0.234375 0.89375 0.081640625 0.080859375
1 0.2046875 0.384375 0.063671875 0.06328125
1 0.2046875 0.45546875 0.046484375 0.047265625
1 0.20390625 0.52578125 0.071875 0.071875
1 0.22578125 0.6234375 0.08828125 0.08828125
1 0.37578125 0.446875 0.04296875 0.075
1 0.37421875 0.56796875 0.057421875 0.057421875
1 0.23359375 0.16484375 0.055078125 0.055078125
1 0.3203125 0.08359375 0.055859375 0.05546875
1 0.36328125 0.06953125 0.049609375 0.049609375
1 0.40390625 0.0515625 0.046875 0.053125
1 0.4546875 0.03046875 0.0625 0.0609375
1 0.484375 0.09921875 0.0654296875 0.05859375
1 0.425 0.1203125 0.05234375 0.05234375
1 0.38046875 0.14453125 0.044140625 0.044140625
1 0.58984375 0.0484375 0.05625 0.05625
1 0.615625 0.13359375 0.05703125 0.0703125
1 0.5578125 0.09375 0.04921875 0.0474609375
1 0.66875 0.121875 0.06796875 0.06796875
1 0.7203125 0.16484375 0.060546875 0.06015625
1 0.76328125 0.215625 0.05546875 0.07734375
1 0.80078125 0.27265625 0.0578125 0.08203125
1 0.74296875 0.2671875 0.08125 0.08125
1 0.8234375 0.36015625 0.068359375 0.068359375
1 0.65546875 0.1734375 0.061328125 0.06171875
1 0.7015625 0.209375 0.066015625 0.066015625
1 0.76640625 0.3546875 0.065625 0.066015625
1 0.7015625 0.90234375 0.0556640625 0.055078125
1 0.6328125 0.97109375 0.05625 0.0578125
1 0.67578125 0.9546875 0.059765625 0.058984375
1 0.3265625 0.97421875 0.0494140625 0.04921875
1 0.2671875 0.96328125 0.06171875 0.0625