1 0.703125 0.25625 0.0359375 0.065625
2 0.72734375 0.2796875 0.0484375 0.0875
1 0.7375 0.18828125 0.0390625 0.075
1 0.775 0.12265625 0.0375 0.0671875
1 0.5203125 0.65234375 0.040625 0.0625
1 0.5171875 0.7125 0.0359375 0.071875
1 0.7578125 0.209375 0.0375 0.0671875
1 0.62109375 0.7078125 0.0375 0.0703125
2 0.83046875 0.75546875 0.05625 0.1046875
1 0.8859375 0.8796875 0.04375 0.078125
1 0.834375 0.146875 0.0390625 0.0640625
1 0.89375 0.08984375 0.040625 0.0671875
1 0.82734375 0.0828125 0.040625 0.071875
1 0.26484375 0.82265625 0.0453125 0.0734375
1 0.77265625 0.24296875 0.0375 0.06875
1 0.74921875 0.35625 0.0375 0.0640625
1 0.746875 0.3015625 0.0421875 0.0734375
2 0.7890625 0.28671875 0.0515625 0.090625
2 0.465625 0.890625 0.0578125 0.05625
1 0.35703125 0.9484375 0.04375 0.0640625
2 0.38515625 0.83515625 0.0453125 0.0765625
1 0.384375 0.13203125 0.0421875 0.06875
1 0.284375 0.03203125 0.040625 0.0640625
2 0.7921875 0.14921875 0.0484375 0.0859375
2 0.80234375 0.06015625 0.0390625 0.06875
1 0.6078125 0.75234375 0.0375 0.059375
1 0.621875 0.83203125 0.0390625 0.0640625
1 0.690625 0.81875 0.0375 0.0625
1 0.65703125 0.93359375 0.0390625 0.065625
1 0.6953125 0.88984375 0.0390625 0.065625
1 0.73515625 0.87890625 0.0390625 0.0625
1 0.31171875 0.73984375 0.0328125 0.059375
1 0.3296875 0.7625 0.0390625 0.0625
1 0.35390625 0.78828125 0.0328125 0.0578125
1 0.27109375 0.91640625 0.0375 0.0640625
1 0.309375 0.85390625 0.040625 0.0640625
1 0.2765625 0.85625 0.0390625 0.0671875
1 0.21015625 0.93515625 0.0421875 0.0671875
2 0.23359375 0.96484375 0.0546875 0.065625
1 0.5296875 0.15390625 0.0390625 0.0375