0 0.53828125 0.20859375 0.148828125 0.148828125
1 0.34921875 0.2125 0.085546875 0.084765625
1 0.44140625 0.315625 0.096875 0.0890625
1 0.425 0.415625 0.07890625 0.0791015625
1 0.57421875 0.43359375 0.09609375 0.09375
1 0.6890625 0.42421875 0.08515625 0.0671875
1 0.66015625 0.30390625 0.08359375 0.08359375
1 0.72109375 0.20234375 0.0765625 0.0765625
1 0.80078125 0.3140625 0.096875 0.0921875
1 0.890625 0.31640625 0.0796875 0.079296875
1 0.88125 0.415625 0.09765625 0.09765625
1 0.8671875 0.51796875 0.08125 0.08203125
1 0.32578125 0.41015625 0.084765625 0.084765625
1 0.33671875 0.525 0.08671875 0.06953125
1 0.2265625 0.42890625 0.091796875 0.0734375
1 0.23515625 0.31875 0.07734375 0.0708984375
1 0.2546875 0.21875 0.08046875 0.0802734375
1 0.1640625 0.21875 0.07421875 0.07421875
1 0.0859375 0.22734375 0.090234375 0.08515625
1 0.184375 0.05625 0.075 0.075390625
1 0.1296875 0.44453125 0.080078125 0.079296875
1 0.1328125 0.325 0.083984375 0.082421875
1 0.04453125 0.328125 0.08671875 0.0865234375
1 0.0390625 0.43046875 0.078125 0.0796875
1 0.190625 0.521875 0.0845703125 0.084375
1 0.2625 0.6390625 0.0791015625 0.0791015625
1 0.5875 0.6234375 0.08359375 0.0833984375
1 0.9296875 0.70703125 0.08515625 0.084765625
1 0.846875 0.92109375 0.073046875 0.073828125
1 0.64375 0.93203125 0.08359375 0.075
1 0.9484375 0.9203125 0.0921875 0.0919921875
1 0.9609375 0.79765625 0.078125 0.0828125
2 0.5828125 0.740625 0.1265625 0.1263671875
1 0.06640625 0.95859375 0.0859375 0.0828125
1 0.42578125 0.04375 0.08125 0.08125