1 0.16328125 0.45390625 0.07890625 0.1421875
1 0.30078125 0.45234375 0.1171875 0.1171875
1 0.36328125 0.43203125 0.10546875 0.10546875
1 0.43203125 0.425 0.0609375 0.14296875
1 0.4921875 0.41953125 0.0966796875 0.097265625
1 0.55859375 0.4234375 0.07109375 0.14375
1 0.63046875 0.43359375 0.104296875 0.104296875
1 0.690625 0.4234375 0.091015625 0.13984375
1 0.759375 0.43515625 0.101953125 0.101171875
1 0.81796875 0.60078125 0.1015625 0.16328125
1 0.74453125 0.59921875 0.13203125 0.13203125
1 0.6796875 0.5953125 0.12421875 0.1244140625
1 0.6140625 0.59296875 0.0677734375 0.15390625
1 0.54375 0.5921875 0.121484375 0.12109375
1 0.4765625 0.59375 0.0994140625 0.1521484375
1 0.4125 0.59453125 0.128125 0.128125
1 0.3453125 0.60234375 0.08984375 0.1546875
1 0.2734375 0.6171875 0.084375 0.1734375
1 0.2078125 0.609375 0.1134765625 0.1115234375
1 0.14296875 0.61796875 0.12578125 0.12578125
1 0.07734375 0.61953125 0.125390625 0.125390625
1 0.64140625 0.14140625 0.115234375 0.115234375
1 0.57578125 0.14296875 0.075 0.1390625
1 0.5125 0.14140625 0.098828125 0.098828125
1 0.4453125 0.14453125 0.1052734375 0.10546875
1 0.37890625 0.14453125 0.115234375 0.115234375
1 0.3203125 0.15703125 0.11015625 0.109765625
1 0.25546875 0.15234375 0.092578125 0.092578125
1 0.13515625 0.1515625 0.096875 0.096484375
1 0.07578125 0.14453125 0.0609375 0.13828125
1 0.73046875 0.92265625 0.12890625 0.12890625
1 0.803125 0.92421875 0.11171875 0.112890625
1 0.87421875 0.92109375 0.108984375 0.108984375
1 0.946875 0.90703125 0.10625 0.1140625
1 0.590625 0.92109375 0.1318359375 0.1328125
1 0.52421875 0.92265625 0.108203125 0.108203125
1 0.45390625 0.92109375 0.11953125 0.11953125
1 0.3796875 0.91796875 0.130078125 0.130078125
1 0.31875 0.91328125 0.108984375 0.10859375
1 0.246875 0.921875 0.123046875 0.122265625
1 0.1765625 0.9265625 0.0875 0.146875
1 0.875 0.0921875 0.134765625 0.1390625
1 0.90234375 0.1546875 0.133984375 0.133984375
1 0.93046875 0.22265625 0.126171875 0.126171875
1 0.94609375 0.3078125 0.1078125 0.115625