2 0.74296875 0.2171875 0.176953125 0.1763671875
1 0.39921875 0.3546875 0.134375 0.107421875
1 0.39921875 0.553125 0.13515625 0.13515625
1 0.58046875 0.53671875 0.15078125 0.1265625
1 0.796875 0.57421875 0.1482421875 0.13359375
1 0.7984375 0.72421875 0.14453125 0.11953125
1 0.5765625 0.74921875 0.1265625 0.12890625
1 0.40078125 0.75 0.115625 0.1166015625
1 0.259375 0.753125 0.1359375 0.120703125
1 0.10546875 0.73515625 0.1453125 0.11171875
1 0.940625 0.921875 0.11875 0.121875
1 0.9453125 0.7296875 0.109375 0.11875
1 0.9625 0.52734375 0.075 0.0828125
1 0.09921875 0.93125 0.128125 0.11953125