1 0.25703125 0.26640625 0.0234375 0.0296875
1 0.15234375 0.1734375 0.021875 0.0328125
2 0.415625 0.4046875 0.053125 0.0578125
1 0.34609375 0.32109375 0.03125 0.034375
1 0.54140625 0.53359375 0.028125 0.0328125
1 0.55625 0.6296875 0.0265625 0.0390625
1 0.56640625 0.615625 0.0265625 0.0375
1 0.13671875 0.2703125 0.034375 0.04375
1 0.88046875 0.77578125 0.0234375 0.0359375
1 0.93515625 0.659375 0.021875 0.040625
1 0.54765625 0.7109375 0.0234375 0.0265625
1 0.6390625 0.72890625 0.021875 0.025
2 0.4859375 0.61328125 0.025 0.034375
1 0.3875 0.553125 0.01875 0.040625
2 0.35078125 0.34921875 0.0234375 0.0375
1 0.578125 0.52578125 0.01875 0.03125
1 0.44609375 0.66484375 0.0125 0.0359375
1 0.39453125 0.62421875 0.0125 0.04375
1 0.38046875 0.375 0.0234375 0.034375
1 0.4 0.36484375 0.025 0.03125
1 0.2109375 0.34140625 0.0296875 0.0375
1 0.45546875 0.4125 0.025 0.034375
1 0.44921875 0.428125 0.0265625 0.034375
1 0.42890625 0.4390625 0.0265625 0.0359375
1 0.45390625 0.46328125 0.0234375 0.034375
1 0.396875 0.41171875 0.021875 0.0296875
1 0.50546875 0.9 0.0265625 0.0421875
1 0.52421875 0.89921875 0.0203125 0.0421875
1 0.80078125 0.8890625 0.0140625 0.0359375