1 0.16328125 0.45390625 0.0578125 0.13828125
1 0.30078125 0.45234375 0.1125 0.1125
1 0.36328125 0.43203125 0.12265625 0.12265625
1 0.43203125 0.425 0.11640625 0.11640625
1 0.4921875 0.41953125 0.0861328125 0.140625
1 0.55859375 0.4234375 0.119921875 0.119921875
1 0.63046875 0.43359375 0.111328125 0.111328125
1 0.690625 0.4234375 0.1146484375 0.11484375
1 0.759375 0.43515625 0.090625 0.1453125
1 0.81796875 0.60078125 0.08515625 0.16171875
1 0.74453125 0.59921875 0.1265625 0.1265625
1 0.6796875 0.5953125 0.078125 0.151953125
1 0.6140625 0.59296875 0.085546875 0.15859375
1 0.54375 0.5921875 0.123046875 0.12265625
1 0.4765625 0.59375 0.1197265625 0.1185546875
1 0.4125 0.59453125 0.1265625 0.1265625
1 0.3453125 0.60234375 0.1109375 0.1109375
1 0.2734375 0.6171875 0.12265625 0.12265625
1 0.2078125 0.609375 0.118359375 0.116015625
1 0.14296875 0.61796875 0.12578125 0.12578125
1 0.07734375 0.61953125 0.106640625 0.106640625
1 0.64140625 0.14140625 0.0765625 0.15
1 0.57578125 0.14296875 0.096875 0.096875
1 0.5125 0.14140625 0.108984375 0.109765625
1 0.4453125 0.14453125 0.0583984375 0.1375
1 0.37890625 0.14453125 0.075 0.14375
1 0.3203125 0.15703125 0.1109375 0.111328125
1 0.25546875 0.15234375 0.102734375 0.102734375
1 0.13515625 0.1515625 0.10390625 0.1037109375
1 0.07578125 0.14453125 0.108203125 0.108203125
1 0.73046875 0.92265625 0.1171875 0.1171875
1 0.803125 0.92421875 0.12421875 0.125390625
1 0.87421875 0.92109375 0.114453125 0.114453125
1 0.9515625 0.90859375 0.0818359375 0.1625
1 0.590625 0.92109375 0.134765625 0.13515625
1 0.52421875 0.92265625 0.08359375 0.15234375
1 0.45390625 0.92109375 0.121875 0.121875
1 0.3796875 0.91796875 0.090625 0.16328125
1 0.31875 0.91328125 0.1205078125 0.1203125
1 0.246875 0.921875 0.1244140625 0.1240234375
1 0.17734375 0.92734375 0.0625 0.1453125
1 0.875 0.0921875 0.147265625 0.146875
1 0.90234375 0.1546875 0.128125 0.11875
1 0.93046875 0.22265625 0.128515625 0.128515625
1 0.94609375 0.30703125 0.1078125 0.1140625