0 0.48984375 0.4734375 0.0828125 0.034375
0 0.2953125 0.10390625 0.03125 0.1375
1 0.2703125 0.4109375 0.0421875 0.0234375
1 0.32734375 0.4296875 0.0390625 0.028125
1 0.3703125 0.5421875 0.0390625 0.028125
2 0.478125 0.5796875 0.046875 0.0375
1 0.66875 0.575 0.040625 0.034375
1 0.74453125 0.6078125 0.0359375 0.0328125
1 0.73984375 0.440625 0.0421875 0.0296875
1 0.6921875 0.478125 0.040625 0.03125
1 0.621875 0.4703125 0.04375 0.0328125
1 0.60078125 0.50703125 0.0390625 0.0296875
1 0.53203125 0.54296875 0.0421875 0.028125
1 0.1890625 0.53984375 0.040625 0.0296875
1 0.140625 0.57734375 0.0390625 0.028125
1 0.08984375 0.53515625 0.040625 0.03125
1 0.2921875 0.28515625 0.021875 0.053125
1 0.45 0.19296875 0.021875 0.059375
1 0.475 0.2515625 0.0203125 0.0453125
1 0.496875 0.30546875 0.0171875 0.053125
1 0.53515625 0.16484375 0.0234375 0.0609375
1 0.47265625 0.14375 0.0203125 0.059375
1 0.9234375 0.4453125 0.0375 0.034375
1 0.95546875 0.509375 0.04375 0.03125
1 0.978125 0.44375 0.040625 0.03125
1 0.95234375 0.4140625 0.0359375 0.028125
1 0.9140625 0.4078125 0.04375 0.0296875
1 0.865625 0.40703125 0.046875 0.040625
1 0.81328125 0.39609375 0.040625 0.040625
1 0.5171875 0.43671875 0.0375 0.028125
1 0.53359375 0.509375 0.04375 0.0296875
1 0.56796875 0.47734375 0.040625 0.028125
1 0.484375 0.509375 0.040625 0.0328125
1 0.44375 0.50546875 0.040625 0.028125
1 0.39296875 0.509375 0.0453125 0.0328125
1 0.3390625 0.509375 0.0390625 0.0296875
1 0.33671875 0.47578125 0.034375 0.0265625
1 0.3796875 0.4734375 0.040625 0.0328125
1 0.43203125 0.4390625 0.0375 0.0265625
1 0.4234375 0.47578125 0.0390625 0.03125
1 0.59921875 0.40234375 0.040625 0.0328125
2 0.415625 0.40546875 0.0703125 0.0421875
0 0.81171875 0.4375 0.075 0.05
0 0.6453125 0.4390625 0.0578125 0.0296875
0 0.7484375 0.25625 0.0640625 0.1484375
1 0.02265625 0.56015625 0.040625 0.04375
1 0.1125 0.25625 0.0421875 0.0296875
1 0.11015625 0.28671875 0.0390625 0.0265625
1 0.0671875 0.253125 0.04375 0.03125
1 0.18984375 0.2390625 0.034375 0.0296875
1 0.19921875 0.21328125 0.0390625 0.0234375
1 0.20234375 0.18828125 0.0421875 0.03125
1 0.19921875 0.1578125 0.0359375 0.03125
1 0.49453125 0.09453125 0.0203125 0.0625
1 0.5171875 0.034375 0.0203125 0.0578125
1 0.49453125 0.03203125 0.0171875 0.0515625
0 0.559375 0.21328125 0.028125 0.128125
1 0.2375 0.08359375 0.0390625 0.0296875
1 0.23984375 0.1171875 0.034375 0.0265625
2 0.2015625 0.1234375 0.0453125 0.0453125
1 0.196875 0.01796875 0.0390625 0.0296875
1 0.20078125 0.04765625 0.0390625 0.0265625
1 0.2015625 0.07109375 0.0375 0.0265625
1 0.2 0.0953125 0.0421875 0.0234375
2 0.47578125 0.7390625 0.0265625 0.1578125
0 0.5625 0.71484375 0.0265625 0.0953125
1 0.5015625 0.8390625 0.0171875 0.053125
1 0.5 0.68125 0.0203125 0.0359375
1 0.50234375 0.73984375 0.0203125 0.0515625
1 0.50078125 0.78515625 0.01875 0.046875
1 0.47890625 0.84921875 0.0203125 0.0515625
1 0.48046875 0.9140625 0.0203125 0.0578125
1 0.50234375 0.890625 0.0234375 0.0390625
1 0.5046875 0.96171875 0.0265625 0.0578125
1 0.4796875 0.96484375 0.0234375 0.046875
1 0.825 0.6453125 0.040625 0.0328125