1 0.36484375 0.290625 0.037109375 0.037109375
2 0.9546875 0.3234375 0.0484375 0.0486328125
1 0.8953125 0.325 0.0353515625 0.03515625
1 0.84375 0.3265625 0.03828125 0.0326171875
1 0.73828125 0.33046875 0.034765625 0.034765625
1 0.79453125 0.33203125 0.04140625 0.0353515625
1 0.653125 0.33203125 0.037109375 0.03642578125
1 0.69765625 0.33203125 0.033984375 0.033984375
1 0.56015625 0.3375 0.0359375 0.0359375
1 0.60859375 0.3390625 0.040625 0.0359375
1 0.97890625 0.36796875 0.040625 0.03134765625
1 0.8296875 0.36796875 0.03515625 0.034375
1 0.87265625 0.36796875 0.037890625 0.03798828125
1 0.9234375 0.36796875 0.0396484375 0.03955078125
0 0.6984375 0.371875 0.10390625 0.0587890625
1 0.6140625 0.3734375 0.03046875 0.03046875
1 0.77890625 0.3734375 0.033203125 0.03388671875
1 0.5671875 0.37890625 0.040625 0.0337890625
1 0.21015625 0.38359375 0.04140625 0.0416015625
1 0.96640625 0.40546875 0.0359375 0.03681640625
1 0.9125 0.4109375 0.036328125 0.0357421875
1 0.85546875 0.4125 0.037890625 0.03779296875
1 0.70859375 0.4140625 0.0328125 0.0310546875
1 0.81015625 0.4140625 0.044140625 0.04404296875
1 0.76171875 0.41796875 0.0390625 0.03212890625
1 0.040625 0.41953125 0.04296875 0.03203125
1 0.66484375 0.41953125 0.03359375 0.03359375
1 0.61328125 0.4234375 0.04375 0.0380859375
1 0.55625 0.4265625 0.03671875 0.02890625
1 0.32421875 0.446875 0.037890625 0.03857421875
1 0.44453125 0.45 0.037890625 0.0369140625
1 0.98203125 0.4703125 0.0359375 0.0375
1 0.79609375 0.475 0.040625 0.03515625
1 0.56328125 0.4765625 0.0390625 0.03115234375
1 0.7734375 0.52890625 0.037890625 0.0380859375
1 0.5828125 0.55390625 0.043359375 0.04345703125
1 0.47265625 0.590625 0.0421875 0.0515625
1 0.41484375 0.6515625 0.040625 0.06240234375
1 0.3828125 0.784375 0.0404296875 0.040625
0 0.78359375 0.95859375 0.07734375 0.0783203125