0 0.746875 0.25390625 0.06484375 0.04599609375
1 0.653125 0.29296875 0.041796875 0.0419921875
1 0.978125 0.31953125 0.041015625 0.0419921875
2 0.8765625 0.325 0.05625 0.0564453125
1 0.7859375 0.328125 0.040625 0.04052734375
1 0.6828125 0.33203125 0.039453125 0.03876953125
1 0.575 0.3375 0.038671875 0.0357421875
1 0.48359375 0.346875 0.0421875 0.04130859375
1 0.94921875 0.36640625 0.0453125 0.0455078125
1 0.86015625 0.37109375 0.04375 0.03525390625
1 0.75859375 0.37109375 0.034765625 0.0349609375
1 0.134375 0.371875 0.040625 0.0396484375
1 0.690625 0.375 0.040234375 0.0404296875
1 0.0640625 0.375 0.04296875 0.0427734375
1 0.565625 0.38046875 0.0421875 0.040625
1 0.0109375 0.3796875 0.021875 0.028125
1 0.396875 0.38359375 0.04453125 0.0546875
1 0.9875 0.40234375 0.025 0.0296875
0 0.46015625 0.40390625 0.10078125 0.08515625
1 0.90390625 0.40859375 0.0359375 0.03681640625
1 0.13359375 0.4140625 0.040625 0.0396484375
1 0.08359375 0.415625 0.045703125 0.04453125
1 0.80859375 0.41640625 0.040625 0.04150390625
1 0.7109375 0.41640625 0.040234375 0.0396484375
1 0.03125 0.42109375 0.043359375 0.0443359375
1 0.62578125 0.42109375 0.04140625 0.03759765625
1 0.54375 0.4265625 0.03828125 0.038671875
1 0.34296875 0.49296875 0.060546875 0.060546875
1 0.39765625 0.54453125 0.0546875 0.0546875
1 0.53515625 0.54609375 0.03828125 0.0484375
1 0.42421875 0.6515625 0.03671875 0.067578125
1 0.3578125 0.7015625 0.0388671875 0.0646484375
1 0.31484375 0.709375 0.051171875 0.0513671875
1 0.36328125 0.884375 0.03046875 0.075
1 0.33671875 0.98359375 0.024609375 0.024609375