0 0.41953125 0.27109375 0.0640625 0.04140625
1 0.81328125 0.278125 0.0421875 0.03359375
1 0.71953125 0.284375 0.0375 0.03046875
1 0.584375 0.2859375 0.0390625 0.03359375
1 0.93125 0.3234375 0.034375 0.0359375
0 0.79453125 0.3234375 0.0703125 0.04140625
1 0.46796875 0.34140625 0.0375 0.03359375
1 0.0703125 0.35 0.0359375 0.028125
1 0.128125 0.353125 0.0421875 0.03359375
1 0.94921875 0.3640625 0.040625 0.03046875
1 0.86484375 0.36640625 0.0390625 0.03359375
1 0.375 0.36640625 0.0375 0.05
1 0.74921875 0.36953125 0.0359375 0.03046875
1 0.66875 0.371875 0.0375 0.03046875
1 0.46171875 0.3890625 0.0390625 0.0390625
1 0.02421875 0.39296875 0.0390625 0.03046875
1 0.08828125 0.3984375 0.0328125 0.03046875
1 0.146875 0.4 0.0375 0.03046875
1 0.81484375 0.4125 0.0375 0.03359375
1 0.68828125 0.4125 0.0421875 0.03046875
1 0.93125 0.4140625 0.0421875 0.03359375
1 0.52734375 0.421875 0.0328125 0.028125
1 0.3921875 0.44609375 0.034375 0.053125
1 0.3390625 0.45859375 0.03125 0.0609375
1 0.459375 0.45859375 0.0390625 0.046875
1 0.39296875 0.51953125 0.0328125 0.0640625
1 0.31015625 0.60859375 0.0203125 0.071875
1 0.36796875 0.628125 0.0203125 0.0609375
1 0.33828125 0.6390625 0.0203125 0.06640625
1 0.359375 0.740625 0.0171875 0.0640625
1 0.33125 0.790625 0.01875 0.071875
1 0.3046875 0.89296875 0.0171875 0.071875
0 0.7765625 0.959375 0.0578125 0.075
1 0.33046875 0.98359375 0.0171875 0.028125